-37.8659 -71.4278 7.8 1.2
-38.1257 -71.4217 6.2 2.1
-38.1268 -71.4230 6.2 2.8
-38.1268 -71.4136 9.1 2.5
-38.1268 -71.4149 9.1 1.8
-38.1279 -71.4217 6.2 2.3
-38.1273 -71.4129 9.0 1.4
-38.1294 -71.4047 9.7 1.2
-38.1422 -71.3911 10.1 1.3
-37.8737 -71.2330 9.0 1.8
-37.8376 -71.3090 10.5 1.7
-38.5844 -71.5912 11.1 2.2
-37.9526 -71.8036 8.2 1.9
-37.8717 -71.2601 9.0 2.0
-37.8696 -71.2655 9.0 2.2
-38.3950 -71.5010 13.2 2.2
-38.3988 -71.4963 12.7 2.1
-38.3248 -71.6317 4.3 2.0
-38.0805 -71.5215 9.3 1.6
-38.1725 -71.4723 9.0 2.0
-38.1703 -71.4777 6.2 1.9
-38.1874 -71.4532 6.2 1.6
-38.1661 -71.4832 9.0 2.0
-38.1757 -71.4655 6.1 1.3
-37.8643 -71.2913 8.8 2.3
-37.8041 -71.2538 11.1 2.6
-38.3281 -71.6520 12.6 2.2
-38.0522 -71.3645 8.2 2.4
-38.3591 -71.6451 9.0 1.8
-38.0714 -71.3590 8.6 2.5
-38.1413 -71.4440 6.1 1.0
-38.1896 -71.4722 9.0 1.3
-38.2412 -71.5642 9.0 2.5
-38.1917 -71.4695 9.3 1.8
-38.3573 -71.5874 5.4 2.0
-38.4061 -71.6232 7.0 2.3
-37.9433 -71.2068 4.5 2.1
-37.7537 -71.0244 20.0 2.9
-37.7535 -70.9920 20.0 2.2
-37.7798 -71.0999 12.2 1.3
-37.8658 -71.1425 15.3 1.8
-37.7127 -70.9951 6.4 3.3
-37.7441 -71.2758 1.0 1.7
-37.7282 -71.0787 20.0 1.7
-37.7538 -71.0569 23.1 1.6
-37.8136 -71.0023 12.2 1.9
-37.7557 -71.0109 20.4 1.4
-37.7302 -71.0598 20.4 2.4
-37.7367 -71.0570 20.0 2.3
-37.7813 -70.9728 20.4 1.9
-37.7730 -71.0216 20.4 1.9
-37.7601 -71.0325 22.7 3.1
-37.7548 -71.0393 19.4 3.8
-37.7734 -71.0973 1.0 1.6
-37.8286 -71.0049 11.1 2.4
-37.7900 -70.9944 17.3 1.7
-37.7687 -71.0216 21.1 1.8
-37.7474 -71.0542 21.1 3.2
-37.7614 -71.2919 1.0 1.5
-37.7272 -71.3246 1.0 1.7
-37.7344 -71.0327 20.4 1.7
-37.7814 -71.0053 21.1 1.9
-37.9141 -71.1597 12.0 2.3
-37.7602 -71.0379 21.1 2.1
-37.7558 -71.0271 21.9 3.4
-37.7621 -70.9919 18.4 2.0
-37.7343 -71.0219 19.6 2.5
-37.5670 -71.5765 16.9 3.8
-38.3537 -71.6194 8.0 1.8
-37.9518 -71.4680 9.7 1.1
-37.8610 -71.2575 6.2 1.8
-37.8610 -71.2575 9.0 1.8
-38.2215 -71.4286 9.3 1.4
-38.1573 -71.4154 16.7 1.4
-38.2173 -71.4314 9.0 1.4
-37.8598 -71.2426 8.8 1.6
-37.8382 -71.2049 7.2 1.7
-37.8243 -71.1982 4.7 1.7
-37.8296 -71.1941 8.0 1.8
-37.8648 -71.4157 33.5 2.6
-37.8926 -71.3804 33.9 2.5
-37.8930 -71.0151 3.3 1.3
-38.2131 -71.4504 9.0 2.5
-37.8804 -71.0531 18.0 1.7
-38.2155 -71.2510 3.3 1.1
-38.2184 -71.4327 9.1 1.3
-37.8418 -71.0588 14.2 2.5
-38.2109 -71.4395 9.3 1.9
-37.7781 -71.1945 1.0 1.4
-37.9605 -70.9969 3.2 1.5
-37.8930 -71.2221 8.6 1.5
-37.8802 -71.2384 9.0 1.7
-37.8781 -71.2519 8.2 1.7
-37.8521 -71.4482 1.0 1.0
-38.1615 -71.3937 14.8 2.2
-37.8716 -71.2412 7.0 1.1
-37.8738 -71.2357 7.8 1.4
-38.0109 -71.3506 6.0 1.7
-38.0012 -71.3411 6.5 1.4
-37.9201 -71.4296 1.0 1.2
-38.3533 -71.4727 38.2 2.2
-38.2114 -71.4429 9.1 1.9
-37.8760 -71.2520 5.5 2.6
-38.5046 -71.7370 9.0 1.5
-38.4402 -71.6041 10.1 1.3
-38.4322 -71.6102 9.6 1.8
-38.4333 -71.6075 9.4 1.9
-37.7607 -71.3879 1.0 2.3
-37.7436 -71.4123 6.2 1.8
-37.6864 -71.3383 1.0 1.9
-37.6951 -71.3491 1.0 2.0
-37.6778 -71.3276 1.0 1.8
-37.6669 -71.2817 1.0 1.7
-37.8134 -71.4214 8.0 1.2
-37.8761 -71.2898 14.4 1.8
-38.3437 -71.7246 2.1 1.4
-38.4488 -71.6258 9.0 2.0
-37.8719 -71.0694 19.6 1.7
-38.4424 -71.6176 7.0 0.9
-38.0741 -71.3597 4.4 1.6
-38.5124 -72.0592 1.0 1.7
-37.6201 -71.4008 2.6 2.1
-37.5901 -71.4172 12.6 1.6
-37.8384 -71.2482 1.0 1.2
-38.0436 -71.3619 10.5 1.5
-37.8655 -71.3007 1.0 0.9
-37.8940 -71.2099 2.6 1.2
-37.8659 -71.9512 9.5 1.9
-38.4227 -71.6333 4.8 0.9
-37.8863 -71.4210 1.0 1.2
-38.4668 -71.0209 35.8 1.6
-38.4794 -70.9828 9.5 1.8
-38.4656 -71.0033 22.9 2.4
-37.8290 -71.3118 1.0 0.9
-37.9268 -71.1082 10.9 1.5
-37.8600 -71.4096 1.0 0.9
-38.2114 -71.4456 9.1 2.2
-38.2098 -71.4436 9.1 1.4
-38.2114 -71.4429 9.1 1.5
-38.2268 -71.4110 9.1 1.2
-38.1465 -71.4019 18.2 1.4
-38.2109 -71.4395 9.3 1.3
-38.2194 -71.4232 9.0 1.3
-38.2151 -71.4151 9.3 1.4
-38.2835 -71.5565 9.1 1.5
-38.2818 -71.5450 9.0 1.6
-38.2856 -71.5524 9.1 1.8
-37.8593 -71.1344 8.8 1.3
-38.4333 -71.6292 10.4 3.7
-38.4531 -71.6393 9.0 1.7
-37.9277 -71.0906 8.0 1.2
-37.7196 -71.0788 3.0 2.1
-37.8130 -70.9050 1.0 3.4
-37.9199 -71.2584 20.4 3.2
-37.9288 -71.3341 1.0 2.0
-37.8728 -71.2588 18.0 1.4
-37.7947 -71.0809 1.0 1.6
-37.8784 -71.3304 1.0 1.3
-37.8944 -71.2965 21.1 1.1
-37.8463 -71.1075 3.3 1.3
-37.8317 -71.1752 21.5 2.9
-38.0632 -71.1843 40.1 1.5
-38.1842 -71.4654 1.0 1.2
-38.0126 -71.3905 44.7 2.1
-37.9085 -71.0989 24.6 1.5
-37.8234 -71.2402 7.6 2.4
-38.1671 -71.4547 6.1 1.3
-37.8548 -71.0750 7.2 1.5
-37.9588 -71.3177 3.3 1.1
-37.7127 -70.9843 26.6 2.8
-38.3849 -71.7401 6.6 1.5
-37.8290 -71.0806 8.8 1.7
-38.4488 -71.6122 1.0 1.3
-37.8660 -71.4441 1.0 1.5
-37.8703 -71.4441 1.0 1.4
-38.4489 -71.6394 9.7 1.5
-37.8292 -71.1022 4.9 1.3
-37.8409 -71.3374 10.7 2.2
-37.8504 -71.0588 7.2 1.4
-37.8762 -71.0802 12.6 1.4
-37.8143 -71.1429 1.0 1.5
-38.3633 -71.6017 5.9 1.6
-37.7877 -70.9701 16.9 1.5
-37.8349 -71.4429 1.0 0.7
-37.9325 -71.4464 9.7 1.5
-38.0494 -71.3517 10.8 3.3
-38.4344 -71.6333 11.4 2.2
-38.2087 -71.4287 9.3 1.4
-38.2002 -71.4315 9.7 1.5
-38.1075 -71.5851 6.1 1.0
-37.9057 -71.1949 6.6 1.8
-37.6190 -71.3995 14.4 2.0
-37.8824 -71.0233 15.3 1.7
-37.8017 -71.1808 13.0 1.4
-38.0565 -71.1220 8.8 1.4
-37.7386 -71.0111 19.6 2.3
-37.7649 -71.1135 8.0 1.6
-38.1264 -71.4630 12.6 1.3
-38.1470 -71.2460 5.7 1.4
-38.1786 -71.3882 6.2 1.2
-38.0865 -71.3752 12.4 1.4
-38.1679 -71.4018 6.2 1.8
-37.9238 -71.4194 1.0 1.4
-37.9119 -71.1300 12.0 1.9
-37.8739 -71.2682 9.0 1.7
-37.8866 -71.2330 11.7 1.9
-37.8673 -71.2412 5.5 1.2
-37.8069 -71.4133 10.7 1.7
-37.8896 -71.4467 1.0 1.3
-37.6829 -71.0440 18.8 2.9
-37.7089 -71.0762 11.1 1.7
-37.7653 -71.2054 1.0 1.1
-37.7197 -71.1004 1.0 1.6
-37.7001 -71.0438 16.5 2.2
-37.7133 -71.0977 18.8 1.9
-37.6575 -71.1090 16.5 2.2
-37.7391 -71.1029 18.8 1.9
-37.7435 -71.1245 8.0 1.8
-37.7543 -71.1433 12.2 1.8
-37.9192 -71.1069 11.1 2.4
-38.1573 -71.4181 9.3 1.3
-38.3435 -71.6201 7.9 2.4
-37.9021 -71.1124 11.1 2.7
-37.8553 -71.1885 13.4 2.1
-37.9403 -71.2515 5.1 1.9
-37.6577 -71.3939 15.9 4.2
-37.6416 -71.3899 11.1 2.2
-37.6534 -71.3912 15.1 2.2
-37.6984 -71.3693 1.0 1.8
-37.8810 -71.1884 12.6 1.7
-37.8763 -71.0910 8.0 2.2
-37.5057 -71.2639 4.5 2.6
-37.8213 -71.2537 11.9 1.8
-38.3568 -71.5963 9.0 2.8
-37.9239 -71.4519 9.7 1.5
-38.5600 -72.0980 1.0 2.6
-38.5738 -72.0925 1.0 2.6
-38.5973 -71.2878 2.4 1.9
-38.0028 -71.3377 6.2 0.9
-38.0665 -71.3421 8.9 2.9
-37.9367 -71.4356 6.2 1.7
-37.9168 -71.4269 1.0 1.5
-38.5758 -71.2526 31.8 2.4
-37.9341 -71.4539 7.9 1.7
-38.5988 -71.8483 30.2 2.0
-38.1959 -71.4532 9.0 1.1
-37.8643 -71.2804 3.3 2.4
-38.0747 -71.3658 9.5 1.0
-38.0112 -71.6369 8.0 1.4
-37.9362 -71.4484 1.0 1.0
-37.8809 -71.4169 5.5 0.8
-38.0994 -71.3886 10.9 1.5
-38.1015 -71.3751 10.9 1.1
-38.1133 -71.3926 14.2 1.2
-38.1098 -71.3046 11.7 1.1
-38.2044 -71.4341 9.0 1.5
-38.1345 -71.3329 14.9 1.1
-38.1337 -71.4047 9.3 2.1
-38.1053 -71.3920 10.0 2.0
-38.0843 -71.3616 1.0 0.9
-38.1218 -71.3601 10.3 1.0
-38.1358 -71.4020 9.0 1.8
-38.0973 -71.3968 10.1 1.0
-38.0994 -71.3832 10.5 1.3
-38.1058 -71.3886 10.1 1.0
-38.1379 -71.3884 14.4 1.0
-38.1787 -71.4099 9.3 1.1
-38.1433 -71.3870 14.2 1.1
-38.2604 -71.5342 9.0 1.5
-37.9255 -71.4499 6.7 1.6
-38.2108 -71.4151 9.0 1.5
-38.2334 -71.4408 16.5 1.5
-37.9383 -71.1710 8.3 1.2
-38.2567 -71.5566 9.1 3.4
-38.2562 -71.5695 9.3 1.6
-38.2583 -71.5478 9.0 1.5
-38.2562 -71.5533 9.0 1.6
-38.2497 -71.5370 7.0 1.7
-38.2652 -71.5430 9.8 2.9
-38.2583 -71.5478 9.0 1.6
-38.2589 -71.5648 9.1 2.2
-38.2582 -71.5234 9.0 1.6
-37.9276 -71.4485 7.1 1.0
-38.2583 -71.5478 9.0 1.5
-38.2583 -71.5560 9.3 1.4
-38.2567 -71.5607 9.1 1.5
-38.2540 -71.5478 9.0 1.4
-38.2519 -71.5641 9.0 1.3
-38.2583 -71.5614 9.0 1.6
-38.1704 -71.4886 9.0 2.2
-38.1704 -71.4967 9.0 2.2
-38.1704 -71.4831 9.0 1.3
-38.1725 -71.4967 9.0 2.0
-38.1293 -71.3803 14.8 1.4
-38.2130 -71.4395 9.3 1.6
-37.9308 -71.4458 6.5 0.9
-38.1379 -71.3857 13.6 1.5
-38.1272 -71.3803 13.2 1.2
-37.9497 -71.4761 10.5 1.1
-38.0612 -71.3354 8.3 1.3
-37.8495 -71.4746 6.0 1.2
-38.5684 -71.6063 20.9 1.9
-38.2557 -71.5675 9.1 1.6
-38.2583 -71.5587 9.3 1.6
-37.9223 -71.4620 1.0 0.8
-38.1616 -71.4154 12.4 1.5
-37.9298 -71.4471 6.0 1.5
-37.9010 -71.7361 9.7 2.5
-38.4313 -71.6578 8.9 1.9
-38.0097 -71.3357 7.5 0.7
-38.1787 -71.4072 9.3 1.4
-38.1315 -71.3966 13.2 1.3
-38.1841 -71.4221 9.1 1.8
-38.1337 -71.3912 13.2 1.1
-38.1872 -71.4125 9.3 2.0
-37.9260 -71.4383 6.2 1.4
-38.1380 -71.3993 12.4 1.4
-38.1873 -71.4153 9.3 2.6
-38.1872 -71.4098 9.3 1.4
-38.1857 -71.4173 9.1 2.8
-38.1888 -71.4091 9.1 3.3
-38.1390 -71.3816 15.7 1.1
-38.1230 -71.3939 15.9 1.4
-38.1379 -71.3938 12.4 1.7
-38.1841 -71.4221 9.1 2.3
-38.1144 -71.3940 15.5 1.2
-38.1486 -71.3938 12.0 1.3
-38.1422 -71.3965 14.0 1.4
-38.1857 -71.4200 9.1 2.6
-38.1476 -71.3924 13.4 1.1
-38.1872 -71.4125 9.0 1.1
-38.1846 -71.4241 9.1 2.3
-38.1894 -71.4044 9.3 1.2
-38.1873 -71.4261 9.3 2.2
-38.1444 -71.3992 12.0 1.6
-38.1400 -71.7449 1.0 1.7
-38.1315 -71.3912 14.0 1.2
-38.1851 -71.4180 9.0 2.9
-38.2159 -71.3486 11.9 1.0
-37.9537 -71.8564 16.9 1.8
-38.1474 -71.3545 14.2 0.9
-38.1261 -71.3817 13.4 1.0
-38.1486 -71.3938 14.0 1.2
-38.1894 -71.4125 9.3 1.7
-37.9276 -71.4485 6.0 0.9
-38.1337 -71.3939 15.9 1.2
-38.1830 -71.4261 9.0 1.5
-38.1744 -71.4207 10.9 1.5
-38.1809 -71.4207 9.0 1.6
-38.1475 -71.3599 13.4 1.9
-38.1294 -71.3912 14.4 1.2
-38.1347 -71.3979 14.2 1.5
-38.1894 -71.4017 9.0 1.5
-38.1894 -71.4044 9.0 1.4
-38.2098 -71.4219 6.1 1.5
-38.1487 -71.3965 14.0 1.3
-38.1560 -71.3598 13.4 1.3
-38.1852 -71.4451 9.3 2.2
-38.1273 -71.4047 16.7 1.5
-38.1352 -71.3850 13.9 1.5
-38.1336 -71.3857 12.0 1.2
-38.1916 -71.4315 6.2 1.4
-38.1432 -71.3653 14.2 1.1
-38.1486 -71.3938 14.0 1.7
-38.1895 -71.4396 9.0 1.9
-37.9260 -71.4519 5.9 1.4
-37.9126 -71.4296 1.0 1.4
-38.2426 -71.3335 22.5 1.6
-38.2338 -71.5981 8.8 1.8
-38.1529 -71.3938 14.0 1.3
-38.1444 -71.3938 13.6 1.2
-37.8844 -71.2167 13.2 1.0
-38.1894 -71.4125 9.3 3.0
-38.1873 -71.4315 9.3 2.3
-38.1432 -71.3653 14.9 1.1
-37.8734 -71.1654 8.6 2.4
-38.1379 -71.3776 13.6 1.1
-38.1788 -71.4397 6.2 1.6
-38.1530 -71.4019 12.8 1.4
-38.1788 -71.4451 6.2 2.1
-38.1251 -71.3939 13.6 1.2
-38.1788 -71.4506 6.2 1.6
-38.1680 -71.4181 6.2 1.4
-38.1809 -71.4424 6.2 1.6
-38.1830 -71.4180 6.2 1.5
-38.1809 -71.4424 6.2 1.6
-38.1421 -71.7693 6.1 1.5
-38.1809 -71.4397 6.2 1.7
-38.1767 -71.4451 6.2 1.6
-38.2003 -71.4776 6.2 1.7
-38.2045 -71.4450 6.2 1.7
-38.1497 -71.4006 6.1 1.3
-38.1518 -71.3870 11.1 1.1
-37.7875 -71.3945 6.4 1.4
-38.0045 -71.3668 9.2 2.2
-38.2125 -71.4361 9.1 2.5
-38.1852 -71.4451 9.7 1.5
-38.2088 -71.4504 9.0 1.4
-38.2130 -71.4449 9.0 1.7
-38.2151 -71.4259 9.3 1.9
-38.2053 -71.3840 5.3 2.1
-38.1807 -71.3773 6.2 1.9
-37.9431 -71.4247 5.1 1.3
-38.1894 -71.4017 9.0 1.6
-38.1915 -71.3935 6.2 1.6
-38.1936 -71.3935 6.2 1.3
-38.1894 -71.4017 9.0 1.6
-38.1936 -71.3989 9.0 1.5
-38.0932 -71.4754 11.3 2.7
-37.9941 -71.0657 4.5 1.8
-37.9616 -71.3427 1.0 1.7
-38.1358 -71.3884 15.9 1.4
-38.0197 -71.4290 6.2 1.1
-38.3054 -71.5449 9.3 2.2
-38.0214 -71.3085 6.0 1.7
-38.1786 -71.3909 9.0 1.4
-37.8931 -71.2546 10.1 2.7
-37.9239 -71.4546 6.6 1.9
-37.9239 -71.4492 3.2 1.6
-38.2130 -71.4232 6.2 1.3
-38.2162 -71.4409 6.4 1.3
-38.2109 -71.4368 9.0 1.7
-38.2151 -71.4124 6.2 1.6
-38.2171 -71.3934 6.2 1.7
-38.1980 -71.4206 9.3 1.7
-38.1852 -71.4424 9.3 1.8
-38.2046 -71.4721 9.0 1.6
-37.9988 -71.9402 18.0 2.4
-38.2088 -71.4450 9.3 1.6
-38.2088 -71.4423 9.0 1.8
-38.2098 -71.4219 9.1 1.7
-38.2046 -71.4748 9.7 3.0
-38.2035 -71.4680 10.3 1.6
-38.2067 -71.4721 12.8 1.9
-38.1926 -71.4112 9.1 1.5
-37.6963 -71.3964 13.6 2.1
-38.0030 -71.8428 12.6 1.7
-38.0063 -71.8604 15.1 1.7
-38.3463 -71.6506 9.0 1.9
-37.9554 -71.2758 5.1 2.5
-38.1979 -71.4098 9.3 2.4
-38.1895 -71.4478 13.2 1.9
-38.1790 -71.4967 10.1 1.5
-38.1937 -71.4179 9.0 1.3
-38.1937 -71.4261 9.3 1.4
-38.1937 -71.4206 10.1 2.1
-38.1894 -71.4261 9.3 1.6
-38.1958 -71.4152 9.3 3.3
-38.1894 -71.4234 9.3 2.3
-38.1926 -71.4220 9.1 1.6
-38.1958 -71.4044 9.3 1.6
-38.2042 -71.3772 6.2 1.8
-38.1936 -71.3989 9.0 2.1
-38.2064 -71.3799 6.2 1.9
-37.9679 -71.4801 15.7 1.3
-37.9367 -71.4437 8.2 1.0
-37.9276 -71.4498 5.8 1.2
-37.9007 -71.4121 4.0 1.0
-38.3805 -71.6532 9.0 1.9
-37.9431 -71.4274 7.4 1.5
-38.0301 -71.3355 8.9 2.7
-38.4055 -71.9397 21.1 2.8
-38.0919 -71.8114 12.0 2.3
-37.9287 -71.4471 5.6 1.5
-38.1047 -71.1203 12.0 1.6
-37.4338 -71.0569 21.9 1.8
-38.3441 -71.6343 8.2 1.9
-38.3740 -71.6179 10.9 2.3
-38.3697 -71.6179 11.7 2.1
-38.0427 -71.2664 9.1 2.2
-37.9276 -71.4485 6.0 1.4
-37.9555 -71.4375 3.3 1.2
-37.9325 -71.4491 6.2 1.4
-37.9603 -72.0973 18.0 2.2
-38.0669 -71.4478 14.5 2.1
-37.8609 -71.2494 9.3 2.1
-37.9153 -71.4465 8.2 1.2
-37.9244 -71.4512 6.0 1.3
-38.3548 -71.6289 9.3 2.0
-38.3489 -71.6296 7.5 2.0
-37.9303 -71.4437 6.6 1.1
-38.4611 -71.6359 7.3 1.8
-38.0188 -71.6599 12.8 1.7
-38.2537 -72.0946 18.4 2.2
-37.2323 -72.0946 30.8 4.2
-38.3478 -71.6431 8.1 2.1
-38.3793 -71.6247 7.2 1.5
-37.5115 -71.3731 9.0 1.8
-37.9452 -71.2806 4.0 0.9
