1484957798.75900000
1484957800.90700000
1484957800.18600000
1484957807.36600000
1486199536.23800000
1486199534.05900000
1486199535.61700000
1486199537.33600000
1486199537.54200000
1486201275.69000000
1486201273.65200000
1486201275.18100000
1486201276.76900000
1486201277.11400000
1486201918.66300000
1486201916.47400000
1486201917.92900000
1486201919.71400000
1486201919.96000000
1486205435.31100000
1486205433.04000000
1486205434.62800000
1486205436.29400000
1486205436.58600000
1486220518.54300000
1486220516.38400000
1486220517.88100000
1486220519.50200000
1486220519.81400000
1486266326.36900000
1486266324.12900000
1486266325.60200000
1486266327.30900000
1486266327.58800000
1486542113.79400000
1486542111.51200000
1486542113.07100000
1486542115.12800000
1486692442.67900000
1486692440.55700000
1486692441.75600000
1486692443.89200000
1491217733.24000000
1491217732.33700000
1491217730.67100000
1491217739.98400000
1492532287.42800000
1492532288.06600000
1492532286.42700000
1492532295.36400000
1493113953.11200000
1493113954.52500000
1493113944.67200000
1493113946.13800000
1493174972.36000000
1493174976.07200000
1493174976.44700000
1493174976.56000000
1494480772.79400000
1494480771.96200000
1494480770.40800000
1494480779.66600000
1495303813.79200000
1495303813.07900000
1495303811.52400000
1495303820.79200000
1495378480.57900000
1495378478.65800000
1495378480.13000000
1495378473.21000000
1495378474.22200000
1495378474.24000000
1496103686.79700000
1496103684.77800000
1496103686.44000000
1496103679.34800000
1496103680.35200000
1496103680.41000000
1497317385.26500000
1497317386.05600000
1497317378.39200000
1497317377.68400000
1499313405.78400000
1499313406.09200000
1499313407.37400000
1499313408.70900000
1513715687.14400000
1513715688.79000000
1513715687.93200000
1513715688.51000000
1513873705.83600000
1513873707.44500000
1513873706.58500000
1513873707.13800000
1514357273.07800000
1514357270.78900000
1514357271.54900000
1514357272.08600000
1514847996.46700000
1514847997.99300000
1514847997.16300000
1514847997.76700000
1515507119.36800000
1515507120.97000000
1515507120.67700000
1518864200.09600000
1518864198.50400000
1518864207.64800000
1518864207.78400000
1518953934.30700000
1518953932.73600000
1518953941.91500000
1518953943.54700000
1518953942.18500000
1519153176.57900000
1519153178.11800000
1519153171.71400000
1519153170.78400000
1523048321.92700000
1523048323.26100000
1523048328.03800000
1523048328.12200000
1527110588.09300000
1527110588.77400000
1527110580.96100000
1527110580.46700000
1527110580.38200000
1527364310.56000000
1527364311.88800000
1527364318.04900000
1527364316.70100000
1528101908.63800000
1528101910.18600000
1528101911.29700000
1528365814.79500000
1528365816.51600000
1528365815.14900000
1528365815.72000000
1528827506.94200000
1528827508.57000000
1528827504.56000000
1528827505.90300000
1528827504.48900000
1529478261.95600000
1529478263.51100000
1529478262.23500000
1529478263.96000000
1529478262.75600000
1530375952.66500000
1530375944.03900000
1530375945.47200000
1530375944.49500000
1546335957.90100000
1546335959.42400000
1546335950.40900000
1546335950.54300000
1546335957.63800000
1546335950.10800000
1548734543.93900000
1548734542.54800000
1548734545.69000000
1548734551.85700000
1550757931.14400000
1550757929.47900000
1550757938.77900000
1550757940.52500000
1550757932.37100000
1550757939.24900000
1550758121.73300000
1550758119.83400000
1550758123.01100000
1550758129.59200000
1550803649.78500000
1550803647.93500000
1550803650.47800000
1550803657.47000000
1550803771.01300000
1550803769.33400000
1550803778.61400000
1550803778.86500000
1550819632.66500000
1550819631.08100000
1550819640.71700000
1550819642.30600000
1550819634.08800000
1550819640.95600000
1550819977.05600000
1550819974.62600000
1550819984.65000000
1550820246.44100000
1550820244.54000000
1550820247.19200000
1550820254.12400000
1550820491.40200000
1550820489.17100000
1550820498.87900000
1550836706.82000000
1550836705.20700000
1550836708.06700000
1550836714.70000000
1550836819.76800000
1550836818.07600000
1550836827.59700000
1550838581.34000000
1550838579.56300000
1550838588.70900000
1550838582.33800000
1550838589.04500000
1550842173.76800000
1550842171.80500000
1550842181.20400000
1550842174.76200000
1550842181.48400000
1550849010.12800000
1550849008.36500000
1550849011.46400000
1550849017.83900000
1550865539.76300000
1550865540.85800000
1550865547.52800000
1550867143.51600000
1550867141.96700000
1550867150.98500000
1550867152.70900000
1550867144.63400000
1550867151.40500000
1550867325.55500000
1550867323.76600000
1550867332.96300000
1550867334.78000000
1550867326.46400000
1550867333.52100000
1550870092.14300000
1550870090.05000000
1550870093.25400000
1550870346.28600000
1550870344.16900000
1550870353.48200000
1550870347.24800000
1550870353.78500000
1550870865.16000000
1550870863.44900000
1550870873.02000000
1550872019.98200000
1550872018.16800000
1550872027.62700000
1550872472.76900000
1550872470.83300000
1550872480.33600000
1550872482.02700000
1550872473.79400000
1550872480.52500000
1550881542.47400000
1550881540.73400000
1550881550.61400000
1550889595.10300000
1550889593.32800000
1550889596.12100000
1550889603.06800000
1550891746.76600000
1550891745.28100000
1550891748.06100000
1550891755.18600000
1550892562.32400000
1550892560.65100000
1550892563.43300000
1550892570.13500000
1550894129.20500000
1550894127.46400000
1550894138.54400000
1550894130.59800000
1550894137.13700000
1550903007.48300000
1550903005.84500000
1550903008.71700000
1550903015.15000000
1550913388.76100000
1550913387.11000000
1550913396.25100000
1550913397.84800000
1550913389.98900000
1550913396.60900000
1550917402.59100000
1550917401.11300000
1550917403.78700000
1550917410.54600000
1550991407.38900000
1550991405.79600000
1550991414.74300000
1550991408.34000000
1550991415.10700000
1551561484.66600000
1551561486.07400000
1551561478.14900000
1551561485.10800000
1554355387.36600000
1554355386.99400000
1554355388.49000000
1554355381.06800000
1554355386.26500000
1554355380.12800000
1554404405.48300000
1554404406.83000000
1554404407.21400000
1554404405.12400000
1554477549.28400000
1554477548.52600000
1554477546.95900000
1554477549.16400000
1554512709.45200000
1554512708.65000000
1554512707.18600000
1554512709.25700000
1554512716.28100000
1554795887.79700000
1554795885.92700000
1554795887.51300000
1554795886.24200000
1554795886.58700000
1554802507.02700000
1554802505.24700000
1554802506.72200000
1554802505.41700000
1554802505.76300000
1554841242.88300000
1554841240.71700000
1554841242.47000000
1554841241.21200000
1554841241.48900000
1555065185.67700000
1555065184.79800000
1555065183.29200000
1555065185.49500000
1555721494.26800000
1555721493.21500000
1555721491.52600000
1555721494.03200000
1555917119.40300000
1555917118.42600000
1555917116.50400000
1555917119.20800000
1555917119.30600000
1555917118.43900000
1555917116.55400000
1555917119.12600000
1555917126.55200000
1555957986.18100000
1555957987.72300000
1555957987.24500000
1555957993.44600000
1555957987.51100000
1555957992.40600000
1555957986.38300000
1555957987.76600000
1555957987.07400000
1555957993.62000000
1555957987.55300000
1555957992.66000000
1556036022.10200000
1556036019.33500000
1556036017.89300000
1556036021.39200000
1556241793.89200000
1556241791.92600000
1556241793.76200000
1556241793.89400000
1556241792.29300000
1556241792.60300000
1556274740.80600000
1556274738.90900000
1556274748.40900000
1556331053.24600000
1556331048.61600000
1556331050.34400000
1556405817.66500000
1556405819.35400000
1556405818.05900000
1556405818.33300000
1556574762.94600000
1556574759.48000000
1556574771.02200000
1556574770.02200000
1556932404.89800000
1556932402.83900000
1556932404.35200000
1556932403.24000000
1556932403.48100000
1557254290.18700000
1557254289.58500000
1557254287.82200000
1557254290.49700000
1557656867.68900000
1557656863.00800000
1557656866.75800000
1557656872.58900000
1558202601.03700000
1558202599.79500000
1558202598.04400000
1558202600.66300000
1558202607.97300000
1558344571.15700000
1558344570.21700000
1558344568.53800000
1558344570.84200000
1558344577.88600000
1558344586.37400000
1558344585.46900000
1558344583.94000000
1558344586.15500000
1558399200.51400000
1558399203.21700000
1558399201.99900000
1559144747.23900000
1559144748.78500000
1559144747.62800000
1559144747.92900000
1559445252.21000000
1559445250.47600000
1559445253.08300000
1559463519.24200000
1559463517.55900000
1559463520.05400000
1559676837.63900000
1559676840.36700000
1559676838.47800000
1559835229.57400000
1559835230.17700000
1559835230.38200000
1560051284.06300000
1560051285.75600000
1560051285.76800000
1560051281.72100000
1560280887.81400000
1560280886.12900000
1560280886.41400000
1560280883.71200000
1560280884.00800000
1560376184.61200000
1560376182.66800000
1560376184.26300000
1560376182.84000000
1560376184.59600000
1560376183.01000000
1560376183.41600000
1560648253.12000000
1560648251.99900000
1560648250.27600000
1560648252.86000000
1561001018.96500000
1561001010.45100000
1561001008.04800000
1561001009.75000000
1561428173.24700000
1561428163.62400000
1561428164.83700000
1561428165.39600000
1561430027.31900000
1561430028.93000000
1561430020.45000000
1561430020.20600000
1561430027.32800000
1561430020.74100000
1561435556.60500000
1561435558.19800000
1561435549.76800000
1561435549.50200000
1561435556.79300000
1561435550.03200000
1562169493.81600000
1562169496.20000000
1562169503.88500000
1562185668.57600000
1562185670.93700000
1562185677.64600000
1562185678.27500000
1562474296.67400000
1562474304.16600000
1562474305.83600000
1562474304.38800000
1562476044.67500000
1562476052.22900000
1562476053.95600000
1562476052.45700000
1562480968.12200000
1562480975.67400000
1562480975.94700000
1562484605.73500000
1562484613.05700000
1562484613.41000000
1563201995.04300000
1563201997.07400000
1563201996.41600000
1563202003.74900000
1563243634.19400000
1563243633.72700000
1563243634.31300000
1563243641.40800000
1563292006.97500000
1563292000.17500000
1563292000.49100000
1563291998.01900000
1563898100.77100000
1563898098.01400000
1563898090.16400000
1563898091.08500000
1564159421.36700000
1564159419.59800000
1564159427.52300000
1564197329.45700000
1564197328.64500000
1564197329.64500000
1564300474.70500000
1564300471.32100000
1564300477.91100000
1564300478.05500000
1564820009.47600000
1564820010.00300000
1564820003.79800000
1564820001.08600000
1564820008.71200000
1564820002.23900000
1564923958.41900000
1564923960.69900000
1564923967.44400000
1564924034.38300000
1564924036.74000000
1564924035.92200000
1564924043.51200000
1564965956.54700000
1564965955.64000000
1564965956.30000000
1565120080.48900000
1565120078.36600000
1565120079.21900000
1565120084.91100000
1565706550.64500000
1565706550.01200000
1565706548.48900000
1565841902.67600000
1565841900.25600000
1565841898.27000000
1565841901.80500000
1566061168.02500000
1566061172.29600000
1566061173.52800000
1566061169.59600000
1566061172.22800000
1566080579.56600000
1566080579.30400000
1566080579.49600000
1566144207.02800000
1566144209.06600000
1566144208.80600000
1566144207.68800000
1567072233.39400000
1567072237.99500000
1567072237.04600000
1567072237.59300000
1567072237.87500000
1567074002.53100000
1567074002.55200000
1567074003.79400000
1567074002.61900000
1567085677.55300000
1567085673.91400000
1567085674.78900000
1567085673.55700000
1567085674.67900000
1567085675.99300000
1567085674.65100000
1567500677.87100000
1567500677.58400000
1567500675.96200000
1567500677.35300000
1567791295.85100000
1567791292.71200000
1567791291.20600000
1567791294.30800000
1567791300.67100000
1567911896.92700000
1567911898.89600000
1567911898.41900000
1567911897.74900000
1568087052.57700000
1568087050.67300000
1568087052.31700000
1568087050.86200000
1568087052.52400000
1568087051.05500000
1568087051.36200000
1568088721.08600000
1568088718.03000000
1568088718.56000000
1568088716.93900000
1568088717.24200000
1568088717.54000000
1568091659.47600000
1568091657.46600000
1568091659.05700000
1568091657.70600000
1568091661.01400000
1568091657.90700000
1568091658.18700000
1568136374.13400000
1568136376.12000000
1568136374.86300000
1568136375.16500000
1568314691.40100000
1568314689.44300000
1568314691.02800000
1568314689.82700000
1568314690.15700000
1568314748.39600000
1568314744.60000000
1568314746.23600000
1568314745.01800000
1568314745.45600000
1568334090.28000000
1568334088.95300000
1568334089.31000000
1568877286.85700000
1568877284.69500000
1568877286.23200000
1568877285.19100000
1568877286.82600000
1568877285.30400000
1568877285.69800000
1569521100.02200000
1569521101.79000000
1569521096.51400000
1569521098.05000000
1569521100.11600000
1569521096.64900000
1569524987.11300000
1569524981.95000000
1569524984.13800000
1569524979.00500000
1569524982.59600000
1569524979.37500000
1569585913.24000000
1569585914.85800000
1569585909.70000000
1569585911.20500000
1569585913.23300000
1569585910.02400000
1569707271.04000000
1569707270.49600000
1569707268.84800000
1569707277.94700000
1569707271.94500000
1569707278.42900000
1569762372.38400000
1569762371.30300000
1569762372.82800000
1569762364.36300000
1569762363.55900000
1569762371.06600000
1569762364.40000000
1569764977.93000000
1569764969.50100000
1569764968.62500000
1569764969.40900000
1569816179.38700000
1569816177.80700000
1569816181.07300000
1569816187.36900000
1569856384.63100000
1569856383.61300000
1569856381.99800000
1569856391.35000000
1569856384.65100000
1569869944.03900000
1569869942.59300000
1569869940.75400000
1569869950.41400000
1569869952.10800000
1569869944.26000000
1569869950.59100000
1569870628.56600000
1569870626.97200000
1569870624.74300000
1569870634.07500000
1569870627.56200000
1569870634.68400000
1569870675.72400000
1569870679.50800000
1569870677.72800000
1569870680.26100000
1569870744.31200000
1569870740.54000000
1569870740.47100000
1569870740.01000000
1569870852.40100000
1569870850.65500000
1569870848.87700000
1569870851.66300000
1569870979.50100000
1569870978.33000000
1569870976.19600000
1569870993.59200000
1569870978.86600000
1569871278.71700000
1569871278.04600000
1569871278.55400000
1569871279.42500000
1569871285.36600000
1569871385.81700000
1569871383.80400000
1569871381.79000000
1569872415.07900000
1569872412.78400000
1569872422.34800000
1569872415.79000000
1569872422.60400000
1569873499.95100000
1569873498.56100000
1569873499.29500000
1569873608.36400000
1569873606.73400000
1569873606.69800000
1569874461.07800000
1569874460.03300000
1569874461.23100000
1569881930.26300000
1569881928.27900000
1569881929.56300000
1569886855.67500000
1569886854.36400000
1569886861.91900000
1569886855.32900000
1569886861.42200000
1569889586.83700000
1569889584.46200000
1569889585.40600000
1569897651.66100000
1569897650.00200000
1569897657.30700000
1569897650.83300000
1569914626.67200000
1569914624.46700000
1569914625.78600000
1569914633.03900000
1569922102.31800000
1569922100.72600000
1569922108.27600000
1569922109.76200000
1569922101.83100000
1569922108.56900000
1570063941.98100000
1570063941.38700000
1570063940.72300000
1570073771.95600000
1570073770.27200000
1570073768.80800000
1570073778.29100000
1570073771.46000000
1570073778.74800000
1570131860.22400000
1570131859.94700000
1570131860.94700000
1570470980.91000000
1570470983.68000000
1570470983.39800000
1570470992.58800000
1570471018.67500000
1570471021.51100000
1570471021.10900000
1571276694.13800000
1571276685.64300000
1571276684.74900000
1571276685.59000000
1571760743.27600000
1571760742.05600000
1571760740.26100000
1571760750.25500000
1571779997.98900000
1571780002.21300000
1571780001.02100000
1571780009.54900000
1571781096.93500000
1571781095.10900000
1571781093.20200000
1571781103.40000000
1571781092.67700000
1571784446.28900000
1571784444.61700000
1571784443.06300000
1571784452.32800000
1571784452.77800000
1571871395.78500000
1571871394.26000000
1571871392.44100000
1571871402.83000000
1571871404.47800000
1572504393.46200000
1572504392.37200000
1572504393.94100000
1572504385.44400000
1572504385.35600000
1574381539.26500000
1574381537.35900000
1574381535.97700000
1574381538.95300000
1574381545.56800000
1575304193.69500000
1575304196.17700000
1575304195.37900000
1575616642.30900000
1575616643.51100000
1575616644.00600000
1575616642.12600000
1575616650.17700000
1575762302.05600000
1575762299.66500000
1575762300.59500000
1575762305.58700000
1575762307.24700000
1575762300.51400000
1575762305.90400000
1576099253.49400000
1576099251.97200000
1576099253.72400000
1576099245.21600000
1576099244.38200000
1576099252.03800000
1576099245.23600000
1576129471.88200000
1576129469.68000000
1576129471.08800000
1576129471.53300000
1576129469.85600000
1576129470.77700000
1576149787.71300000
1576149785.69200000
1576149787.28400000
1576149786.27200000
1576149786.13600000
1576149786.83000000
1576338754.75000000
1576338753.52500000
1576338756.25500000
1576910713.29000000
1576910711.76200000
1576910709.58800000
1576910720.20800000
1576910712.72500000
1576910719.65300000
1577437365.30100000
1577437367.57600000
1577437366.35400000
1577437366.74900000
1577437374.11500000
1578028926.29000000
1578028924.53300000
1578028922.39200000
1578028932.00200000
1578208622.26000000
1578208618.98800000
1578208628.59500000
1578458180.30700000
1578458176.49600000
1578458176.44700000
1578458179.87700000
1578816226.26600000
1578816225.35800000
1578816223.23100000
1578816226.19400000
1578816233.05200000
1578977965.94600000
1578977965.27200000
1578977963.34700000
1578977966.27900000
1578977973.05300000
1579275581.65100000
1579275582.17500000
1579275583.38400000
1579326042.08600000
1579326043.41600000
1579326044.44900000
1579329536.32300000
1579329538.62600000
1579329537.52800000
1579329539.51600000
1579362133.60300000
1579362134.80000000
1579362133.72700000
1579362135.53200000
1579477474.58300000
1579477476.17000000
1579477476.80000000
1579477475.11700000
1579477477.11200000
1580074578.12300000
1580074578.25200000
1580074576.26600000
1580261118.92300000
1580261116.98700000
1580261119.98400000
1580261126.62300000
1583423935.32500000
1583423934.61000000
1583423933.06900000
1583423942.31100000
1583911878.60700000
1583911877.66500000
1583911876.05600000
1583911885.33600000
1583938023.71300000
1583938022.71600000
1583938021.01700000
1584147828.15900000
1584147830.27200000
1584147829.27900000
1584147836.82400000
1585564019.45400000
1585564022.45300000
1585564022.23700000
1585872432.93900000
1585872432.09600000
1585872430.43700000
1585872439.84300000
1585872439.97100000
1585873207.38800000
1585873206.78500000
1585873204.87400000
1585884442.97300000
1585884442.23600000
1585884440.45900000
1585890007.44100000
1585890006.67300000
1585890004.77000000
1585891320.85700000
1585891320.25600000
1585891318.42800000
1585891327.76500000
1585891327.94900000
1585899009.75700000
1585899008.81500000
1585899007.24800000
1585899016.75200000
1585899671.78000000
1585899670.91200000
1585899669.40800000
1585899679.14900000
1585900132.90900000
1585900132.30200000
1585900130.42000000
1585900139.97600000
1585900271.16800000
1585900270.32200000
1585900268.69100000
1585900278.19100000
1585954039.25200000
1585954037.41700000
1585954046.92500000
1586952444.89900000
1586952443.22500000
1586952454.29500000
1587639206.33500000
1587639204.43600000
1587639205.72700000
1587639206.66700000
1588645370.27800000
1588645369.99900000
1588645371.02300000
1588645363.34400000
1588645364.03500000
1588645363.06700000
1589957900.41200000
1589957898.33900000
1589957896.51700000
1589957906.50700000
1590803919.93100000
1590803918.27400000
1590803916.67900000
1590803926.18200000
1590803926.20700000
1591136017.02500000
1591136014.66000000
1591136013.28000000
1591136022.71500000
1591634775.06100000
1591634777.28800000
1591634776.01800000
1591634784.05200000
1591634785.33500000
1591634783.70100000
1591635468.15400000
1591635470.27600000
1591635469.16000000
1591635476.94700000
1591650153.33900000
1591650155.53600000
1591650154.20000000
1591650162.13500000
1591659998.31800000
1591660000.52400000
1591659999.24500000
1591818918.90800000
1591818916.32800000
1591818914.68100000
1591861967.61000000
1591861965.40800000
1591861963.90300000
1593027174.81400000
1593027173.32300000
1593027182.05700000
1593027184.01300000
1593027182.35700000
1593686389.72000000
1593686388.04900000
1593686397.56600000
1594335013.17800000
1594335014.91700000
1594335007.91300000
1594335007.21000000
1598709372.98600000
1598709374.71700000
1598709374.76700000
1600290008.36500000
1600290008.74800000
1600290010.11100000
1600290002.13700000
1600289999.48300000
1600443823.19400000
1600443823.66100000
1600443824.92600000
1600443817.06200000
1600443814.32300000
1601578237.96000000
1601578239.36900000
1601578233.78600000
1601578238.91700000
1601578234.38800000
1601862624.22400000
1601862625.30800000
1601862625.10500000
1602315654.03100000
1602315651.11900000
1602315652.45700000
1602315657.24400000
1602315658.63200000
1602315652.42800000
1602315657.36900000
1602517584.63900000
1602517586.34600000
1602517586.44800000
1602517584.52300000
1602749812.00800000
1602749813.80000000
1602749813.90200000
1602749811.90600000
1603939265.59100000
1603939263.12400000
1603939259.67000000
1603939260.29900000
1603939264.14800000
1603939260.78400000
1604914652.74300000
1604914654.57400000
1604914652.72800000
1607236049.31700000
1607236047.35600000
1607236039.63100000
1607236037.80300000
1607236039.08600000
1609472064.20700000
1609472065.91500000
1609472062.34200000
1609606579.17800000
1609606578.35900000
1609606576.71700000
1609934710.31000000
1609934711.81200000
1609934715.59300000
1610084540.52900000
1610084543.07000000
1610084543.88200000
1610084547.11300000
1610084542.95500000
1610113352.28500000
1610113354.78200000
1610113352.57400000
1610168404.99400000
1610168408.60000000
1610168407.75700000
1610168405.96900000
1610280889.03700000
1610280886.76700000
1610280888.27500000
1610280889.05700000
1610385439.85800000
1610385436.98000000
1610385438.55900000
1610385439.17500000
1610477314.44600000
1610477313.05100000
1610477314.15900000
1610583199.93300000
1610583196.27500000
1610583197.45100000
1610583198.79200000
1610862050.96200000
1610862048.87700000
1610862050.43000000
1610862049.18600000
1610862051.00000000
1610877580.01600000
1610877581.05100000
1610877582.12000000
1611463878.84400000
1611463876.56400000
1611463878.17800000
1611463879.42700000
1611463878.68900000
1611539960.84500000
1611539958.56700000
1611539960.10600000
1611539962.53200000
1611539960.68500000
1611545679.40300000
1611545681.55500000
1611545681.90300000
1611546283.08100000
1611546285.20800000
1611546285.64800000
1611550152.18200000
1611550149.86400000
1611550151.47200000
1611550152.70400000
1611550151.95000000
1611554747.37000000
1611554745.97700000
1611554747.78100000
1611554749.09200000
1612087937.98200000
1612087935.63700000
1612087937.20800000
1612087937.73600000
1612087960.84700000
1612087958.37000000
1612087960.07700000
1612087960.81800000
1612103142.56000000
1612103140.50900000
1612103143.21300000
1612143388.93800000
1612143390.25600000
1612143390.21200000
1612143390.82000000
1612172301.37300000
1612172298.98500000
1612172300.65500000
1612172301.24400000
1612374601.38400000
1612374602.07000000
1612374597.66100000
1612374600.11300000
1612374602.23700000
1612466827.65200000
1612466829.49000000
1612466827.55200000
1612466827.87600000
1613106508.59800000
1613106506.10900000
1613106508.06900000
1613106507.01500000
1613106507.07300000
1613106508.87900000
1613143697.46800000
1613143696.17800000
1613143697.78400000
1613143698.98200000
1613450292.36700000
1613450291.03100000
1613450294.20900000
1613450292.84400000
1613496992.96800000
1613496991.99300000
1613496993.54100000
1613496989.09000000
1613496990.37300000
1613496991.51700000
1613496993.64300000
1613497535.40600000
1613497530.85300000
1613497531.69700000
1613497535.46200000
1613497912.65500000
1613497911.64500000
1613497913.23000000
1613497908.70100000
1613497913.39500000
1613498179.43500000
1613498178.49600000
1613498180.01200000
1613498175.61500000
1613498178.01600000
1613498180.14100000
1613498226.08100000
1613498225.11300000
1613498226.67800000
1613498222.26300000
1613498224.34700000
1613498224.69800000
1613498226.75300000
1613499480.57700000
1613499479.40700000
1613499481.02900000
1613499476.58400000
1613499477.92800000
1613499479.06700000
1613499481.02500000
1613499614.78500000
1613499613.90300000
1613499615.51000000
1613499610.97600000
1613499613.52900000
1613499615.67200000
1613507866.89000000
1613507865.86800000
1613507867.39300000
1613507862.86000000
1613507864.10900000
1613507865.43600000
1613507867.59300000
1613510480.91700000
1613510479.69500000
1613510481.20200000
1613510476.85000000
1613510479.22600000
1613510481.38500000
1613523928.40800000
1613523930.17200000
1613523928.28600000
1613523928.65000000
1613524739.68900000
1613524738.66300000
1613524740.29200000
1613524735.73000000
1613524740.42400000
1613533772.13000000
1613533771.10300000
1613533772.73400000
1613533768.24100000
1613533769.55400000
1613533770.76900000
1613533772.88300000
1613550170.60800000
1613550169.66200000
1613550171.19900000
1613550166.71800000
1613550168.05900000
1613550169.15600000
1613550171.36300000
1613550350.17200000
1613550352.81600000
1613550348.35000000
1613550353.02900000
1613567727.62800000
1613567724.13500000
1613567725.73600000
1613567721.20900000
1613567723.73800000
1613567725.89000000
1613636783.86600000
1613636782.96600000
1613636784.36100000
1613636779.81800000
1613636781.16200000
1613636782.46100000
1613787974.88700000
1613787974.37100000
1613787976.13500000
1613787973.23800000
1613789653.39800000
1613789652.85000000
1613789654.69200000
1613789651.75100000
1613813651.58800000
1613813650.99800000
1613813649.87800000
1613813713.68100000
1613813713.09200000
1613813715.66700000
1613813712.05800000
1613938987.73200000
1613938985.52000000
1613938987.03800000
1613938986.00200000
1614129167.04900000
1614129166.57100000
1614129165.29600000
1614129166.71900000
1614129165.45700000
1615318443.91400000
1615318445.65600000
1615318443.76700000
1615318444.11200000
1615374115.04700000
1615374112.82200000
1615374114.34000000
1615374113.32100000
1615374114.95000000
1615375336.55600000
1615375336.25700000
1615375339.64200000
1615375338.58300000
1615446345.83700000
1615446347.63100000
1615446345.61800000
1615446346.49400000
1615622796.60000000
1615622793.50600000
1615622794.93900000
1615622799.59100000
1615622794.90600000
1615622795.78200000
1615701974.49400000
1615701977.94800000
1615701977.37400000
1615701976.19300000
1615701975.48100000
1615804856.46100000
1615804853.07600000
1615804853.14500000
1615804845.10500000
1615804844.08300000
1615804853.93800000
1615859665.86700000
1615859664.91200000
1615859666.42900000
1615859661.99200000
1615859663.36200000
1615859664.52700000
1615859666.68700000
1615859665.85500000
1615859664.91300000
1615859666.41300000
1615859662.02600000
1615859663.36200000
1615859664.63400000
1615859666.67400000
1615946907.89200000
1615946917.47000000
1615946907.93100000
1615946908.22200000
1616008848.59100000
1616008846.53400000
1616008848.48900000
1616008846.93100000
1616008848.76700000
1616022560.10600000
1616022560.02700000
1616022560.32300000
1616403861.38700000
1616403865.30000000
1616403865.61800000
1616403868.66200000
1616403863.02100000
1616403863.74800000
1616537611.20200000
1616537609.84000000
1616537611.53200000
1616537602.97400000
1616537602.12100000
1616729381.70100000
1616729382.39200000
1616729382.53200000
1616729383.03400000
1617594541.24200000
1617594539.01700000
1617594540.59000000
1617594540.40200000
1617594539.48500000
1617594541.25500000
1617697617.85700000
1617697615.89900000
1617697617.26200000
1617697615.98400000
1617697617.83700000
1617757833.22200000
1617757831.15500000
1617757832.89200000
1617757832.31500000
1617757831.60000000
1617757833.24500000
1617768347.91600000
1617768345.57200000
1617768347.22300000
1617768345.98500000
1617768347.74000000
1617768760.32900000
1617768758.21600000
1617768759.83600000
1617768759.50300000
1617768761.23700000
1617768758.70000000
1617768760.30100000
1617769068.67900000
1617769069.01400000
1617769070.47900000
1617769068.39700000
1617769068.07900000
1617823673.15100000
1617823670.99500000
1617823672.58000000
1617823671.28200000
1617823673.13300000
1617856163.26900000
1617856161.22700000
1617856162.71100000
1617856162.40700000
1617856164.12500000
1617856161.57800000
1617856163.17500000
1617862384.78700000
1617862382.59700000
1617862384.06000000
1617862383.77600000
1617862383.02600000
1617862384.69500000
1617869470.57200000
1617869468.43000000
1617869470.05300000
1617869469.75600000
1617869471.38200000
1617869468.99300000
1617869470.62900000
1617869578.05000000
1617869575.85800000
1617869577.46200000
1617869577.07300000
1617869578.78200000
1617869576.44000000
1617869578.05700000
1617870352.84400000
1617870354.36400000
1617870353.29800000
1617894274.99500000
1617894273.02200000
1617894274.53200000
1617894273.44500000
1617904357.22700000
1617904355.08600000
1617904356.90000000
1617904355.58000000
1617904357.35900000
1617922307.01400000
1617922304.96900000
1617922306.61400000
1617922306.13300000
1617922305.41200000
1617922307.17600000
1617922664.32700000
1617922662.51700000
1617922664.52500000
1617922662.63500000
1617925104.91800000
1617925106.67100000
1617925105.36900000
1617925107.19100000
1617927494.79900000
1617927492.70300000
1617927494.36600000
1617927493.19000000
1617927494.81000000
1617933960.62900000
1617933958.58900000
1617933960.16700000
1617933959.77400000
1617933961.45100000
1617933959.04700000
1617933960.68300000
1617934729.02400000
1617934726.92200000
1617934728.55400000
1617934727.42200000
1617934729.23000000
1617954822.20800000
1617954823.41800000
1617954823.22200000
1617954823.99900000
1617955410.97800000
1617955408.86100000
1617955410.65200000
1617955410.14800000
1617955411.71300000
1617955409.35700000
1617955411.03800000
1617957606.21400000
1617957607.46700000
1617957606.93300000
1617957608.04100000
1617958888.64900000
1617958886.60200000
1617958888.42500000
1617958887.66500000
1617958889.32500000
1617958887.04800000
1617958888.67700000
1617959125.05000000
1617959122.92500000
1617959124.80600000
1617959124.28100000
1617959127.57900000
1617959123.43700000
1617959125.08800000
1617984881.12500000
1617984882.98200000
1617984884.20000000
1617984881.28500000
1617984883.40000000
1617999062.73400000
1617999060.87800000
1617999062.24300000
1617999060.99300000
1617999062.68500000
1618020324.91600000
1618020322.80400000
1618020324.62500000
1618020323.98100000
1618020325.71600000
1618020323.28400000
1618020324.92100000
1618020555.53800000
1618020559.48000000
1618020559.79700000
1618020561.62100000
1618025438.65800000
1618025443.53300000
1618025445.03300000
1618025443.69300000
1618036005.98500000
1618036009.32900000
1618036010.01400000
1618045954.19700000
1618045955.32200000
1618045954.17900000
1618045956.07800000
1618061856.70600000
1618061854.57200000
1618061855.97500000
1618061854.90600000
1618061856.78400000
1618062197.29100000
1618062195.19400000
1618062196.68000000
1618062196.27900000
1618062195.66300000
1618062197.33800000
1618093625.40900000
1618093627.28300000
1618093625.33400000
1618093625.62000000
1618103772.82000000
1618103770.80800000
1618103772.17000000
1618103771.12100000
1618103772.73800000
1618135877.24500000
1618135875.41300000
1618135876.89800000
1618135876.27800000
1618135875.53700000
1618135877.25600000
1618140436.98700000
1618140434.97300000
1618140436.56400000
1618140436.24500000
1618140435.26200000
1618140436.98300000
1618265518.98700000
1618265516.88800000
1618265518.62500000
1618265518.26600000
1618265517.37000000
1618265519.07300000
1618356528.18900000
1618356531.01000000
1618356531.59700000
1618392713.76400000
1618392711.64100000
1618392713.13900000
1618392711.96200000
1618411753.45300000
1618411751.35200000
1618411752.89700000
1618411751.71900000
1618411753.52400000
1618468329.69300000
1618468326.35900000
1618468329.20200000
1618468328.68700000
1618468327.97700000
1618468329.77600000
1618484352.63400000
1618484353.98000000
1618484353.71600000
1618484352.90700000
1618484354.57400000
1618545506.27300000
1618545504.83200000
1618545506.97300000
1618602941.38500000
1618602939.51900000
1618602941.18000000
1618602939.80000000
1618602941.60600000
1618602971.77900000
1618602973.90300000
1618602974.24600000
1618613423.82700000
1618613421.81600000
1618613423.66900000
1618613422.89000000
1618613424.44300000
1618613422.23000000
1618613423.91800000
1618616809.24300000
1618616807.23300000
1618616809.02400000
1618616810.84700000
1618616807.51100000
1618616809.39800000
1618642217.95900000
1618642215.69600000
1618642217.25900000
1618642216.25800000
1618642217.85600000
1618642523.75900000
1618642521.71700000
1618642523.62400000
1618642521.93100000
1618642523.73100000
1618698115.04900000
1618698112.88700000
1618698114.67200000
1618698113.83200000
1618698113.15700000
1618698114.90800000
1618734800.63200000
1618734801.30100000
1618734801.81800000
1618912947.72200000
1618912945.66200000
1618912947.14900000
1618912950.13400000
1618912946.14600000
1618912947.91500000
1618915471.47400000
1618915469.46100000
1618915471.10700000
1618915472.30100000
1618915469.84700000
1618915471.52800000
1618931793.02800000
1618931791.07000000
1618931791.41800000
1618960916.76400000
1618960918.73600000
1618960918.67600000
1618960916.68000000
1618960912.55300000
1619095361.80200000
1619095363.17100000
1619095365.70000000
1619131396.58200000
1619131396.11300000
1619131394.15500000
1619242841.23500000
1619242839.07000000
1619242840.70300000
1619242839.56900000
1619242841.37900000
1619245698.31900000
1619245696.99900000
1619245699.64100000
1619245698.39700000
1619245700.28800000
1619306421.95800000
1619306420.57700000
1619306422.67500000
1619306421.20200000
1619341224.00200000
1619341221.89600000
1619341223.46800000
1619341223.00600000
1619341224.81800000
1619341222.48200000
1619341224.08800000
1619346732.27400000
1619346730.19200000
1619346731.77000000
1619346731.34100000
1619346733.02700000
1619346730.68100000
1619346732.30600000
1619351062.97400000
1619351064.69400000
1619351065.05400000
1619381395.39300000
1619381393.58700000
1619381391.79900000
1619381394.84600000
1619381392.97900000
1619523372.43300000
1619523370.15100000
1619523371.64900000
1619523370.64000000
1619523372.23400000
1619603965.82300000
1619603963.47700000
1619603965.05700000
1619603964.64700000
1619603965.80200000
1619776870.84300000
1619776868.72200000
1619776870.28900000
1619776870.89700000
1619779068.09800000
1619779065.99900000
1619779067.85500000
1619779067.35600000
1619779068.33100000
1619814701.02000000
1619814698.63600000
1619814700.16700000
1619849670.40900000
1619849668.25000000
1619849670.06800000
1619849669.22300000
1619849670.55800000
1620063402.81600000
1620063402.91100000
1620063403.33700000
1620164375.65400000
1620164375.18000000
1620164374.75000000
1620164375.65800000
1620167619.88500000
1620167619.07000000
1620167618.80600000
1620167619.63200000
1620168042.26500000
1620168041.97800000
1620168041.39200000
1620168042.41900000
1620308075.35700000
1620308079.49200000
1620308077.72800000
1620752260.87500000
1620752260.45800000
1620752259.86100000
1620752260.89700000
1620752837.80400000
1620752837.48200000
1620752838.43600000
1620754452.69000000
1620754452.59000000
1620754450.90500000
1620754452.87500000
1620778316.03900000
1620778315.58000000
1620778314.26000000
1620778316.27500000
1620896432.97600000
1620896432.40400000
1620896432.92100000
1621142943.26900000
1621142940.73600000
1621142942.57700000
1621142943.08500000
1621407867.60300000
1621407869.19800000
1621407867.46900000
1621440975.72600000
1621440974.03600000
1621440974.34400000
1621440974.74000000
1621440980.71300000
1621653565.75100000
1621653563.71000000
1621653565.25200000
1621653563.88600000
1621653565.63800000
1621653564.08400000
1621653565.80500000
1621653564.40500000
1621771279.32500000
1621771279.02300000
1621771278.50000000
1621771277.81200000
1621771279.49900000
1621771278.90500000
1621776202.06100000
1621776201.77400000
1621776200.80300000
1621776200.45000000
1621776202.29200000
1621776200.81400000
1622086807.40400000
1622086804.87300000
1622086805.28700000
1622086803.71300000
1622086805.57800000
1622086804.04500000
1622100608.34500000
1622100607.93300000
1622100606.54200000
1622100608.26100000
1622100606.69700000
1622100607.03000000
1622512045.16500000
1622512044.80300000
1622512044.09300000
1622536405.82700000
1622536405.96400000
1622536404.86700000
1622536406.44700000
1623131725.59600000
1623131727.83300000
1623131725.55500000
1623131726.03000000
1623949579.97000000
1623949579.44300000
1623949579.06100000
1623949578.37500000
1623949580.02900000
1623949882.72600000
1623949882.30100000
1623949881.51600000
1623949883.15600000
1623951998.61900000
1623951998.32600000
1623951997.44500000
1623951999.18600000
1623961565.24800000
1623961564.85600000
1623961564.37300000
1623961563.71600000
1623961565.37500000
1623995531.22000000
1623995530.62900000
1623995530.00800000
1623995529.39800000
1623995531.08600000
1624614652.89900000
1624614653.52400000
1624614655.08700000
1624614651.50400000
1624614653.46400000
1625103218.12600000
1625103213.45200000
1625103216.50200000
1625821969.15500000
1625821969.68200000
1625821968.83000000
1626130180.72100000
1626130179.92200000
1626130178.92600000
1626130180.68000000
1626982121.30400000
1626982121.78500000
1626982119.34300000
1626982121.32200000
1628204933.99600000
1628204928.08800000
1628204929.52000000
1628204932.20800000
1628204934.41100000
1628831067.00700000
1628831064.60300000
1628831071.30500000
1628831065.50900000
1628831065.66500000
1630404984.68800000
1630404984.02100000
1630404983.67900000
1630404982.80900000
1630404984.53700000
1631385201.57400000
1631385199.13100000
1631385209.93500000
1631385201.40000000
1631385199.46400000
1631566488.66100000
1631566490.50800000
1631566488.65300000
1631566489.00900000
1631584107.51700000
1631584109.95100000
1631584107.56600000
1631584107.78000000
1633583163.39000000
1633583162.26300000
1633583160.42800000
1633583160.66900000
1633583163.06100000
1634203722.58300000
1634203720.85500000
1634203721.16100000
1634240982.84700000
1634240981.62900000
1634240981.69300000
1634240983.67800000
1634240982.14500000
1634366847.52600000
1634366845.64900000
1634366845.88100000
1634366847.69600000
1634366846.23200000
1634416895.08600000
1634416893.82000000
1634416893.88600000
1634416895.66200000
1634416894.25100000
1634439345.38200000
1634439347.16300000
1634439344.43000000
1634439346.01300000
1634439345.08100000
1634441760.17400000
1634441759.91500000
1634441759.43500000
1634441758.76700000
1634441760.54700000
1634441759.77100000
1634605467.90000000
1634605467.77500000
1634605465.89900000
1634605466.06600000
1634605467.87800000
1634605466.43900000
1634795226.09200000
1634795230.09700000
1634795229.21400000
1634795227.10500000
1634795229.02500000
1634795227.67500000
1635384024.51900000
1635384021.60800000
1635384020.30000000
1635384020.42500000
1635384023.06100000
1635384020.59900000
1635400437.26400000
1635400436.23500000
1635400434.75200000
1635400434.90600000
1635400436.68900000
1635400435.19200000
1635423153.93400000
1635423152.05700000
1635423150.80400000
1635423150.91000000
1635423152.77200000
1635423150.87100000
1635423385.17600000
1635423384.84400000
1635423383.35900000
1635423385.12100000
1635423383.59600000
1635423385.27700000
1635423383.82200000
1635447006.11000000
1635447005.78200000
1635447004.25600000
1635447004.39800000
1635447006.05200000
1635447004.49000000
1636093454.40900000
1636093453.96200000
1636093452.52300000
1636093455.80000000
1636093452.70900000
1636093454.49100000
1636093452.90800000
1637300584.57300000
1637300584.30900000
1637300583.50000000
1637300585.11200000
1637300584.40700000
1637380392.92300000
1637380393.90900000
1637380401.84400000
1637380394.34800000
1637380392.58000000
1637380401.30300000
1637775648.41900000
1637775651.98200000
1637775649.27100000
1637775651.10200000
1637775650.97200000
1637802721.43300000
1637802725.19800000
1637802724.96700000
1637802722.35700000
1637802723.95700000
1637802723.92300000
1638181396.19200000
1638181387.60800000
1638181387.69000000
1638181395.12700000
1638181386.52300000
1639646318.32400000
1639646320.73200000
1639646319.37300000
1639646327.57000000
1639994841.02500000
1639994840.57400000
1639994842.27200000
1639994840.04900000
1639994841.66300000
1639994840.94000000
1639995152.68300000
1639995152.27800000
1639995151.74500000
1639995151.83600000
1639995151.08900000
1639995152.82000000
1639995151.91800000
1639995377.48300000
1639995378.14100000
1639995375.89900000
1639995377.65900000
1639995376.84800000
1639998636.42500000
1639998635.90900000
1639998635.32600000
1639998637.06900000
1639998636.42800000
1639998817.92200000
1639998817.32500000
1639998816.75500000
1639998818.50900000
1639998817.81900000
1639999039.71900000
1639999039.26900000
1639999038.72600000
1639999038.17400000
1639999039.78400000
1639999038.97500000
1639999388.05100000
1639999387.38900000
1639999386.71300000
1639999388.40600000
1639999387.45800000
1640001637.70100000
1640001637.02500000
1640001636.66600000
1640001638.37100000
1640001636.07500000
1640001637.71000000
1640001637.04400000
1640001865.45200000
1640001865.01900000
1640001864.44600000
1640001868.94500000
1640001863.88200000
1640001865.51400000
1640001864.88200000
1640002231.11500000
1640002230.56700000
1640002229.86400000
1640002231.70700000
1640002230.72400000
1640002993.76300000
1640002993.04700000
1640002992.80200000
1640002992.15300000
1640002993.95600000
1640002992.99000000
1640043823.90000000
1640043823.30600000
1640043822.75300000
1640043824.55900000
1640043824.03900000
1640240049.03100000
1640240048.53700000
1640240047.89400000
1640240049.58800000
1640240048.86200000
1641377047.16100000
1641377046.44700000
1641377046.01600000
1641377047.78000000
1646476259.40500000
1646476260.70600000
1646476259.34200000
1646476260.01300000
1646900988.68900000
1646900989.39500000
1646900988.22200000
1646900988.54500000
1646904718.91900000
1646904720.81800000
1646904718.84800000
1646904719.15100000
1646905074.21600000
1646905075.23200000
1646905074.62800000
1646905073.21900000
1647686156.36200000
1647686147.87700000
1647686147.85100000
1647714645.08000000
1647714643.14600000
1647714643.51600000
1649471948.14200000
1649471953.88900000
1649471955.41900000
1649471948.05400000
1649471948.74800000
1651779289.31500000
1651779282.89100000
1651779280.76600000
1651779286.74600000
1651779288.89800000
1651779281.11300000
1654527717.27100000
1654527718.26600000
1654527717.39400000
1654527716.61900000
1654527715.10700000
1654527717.06300000
1654527715.00400000
1654630366.82900000
1654630360.07200000
1654630358.12000000
1654630358.39900000
1655793756.99100000
1655793756.99600000
1655793762.30200000
1655793759.27900000
1655793759.02600000
1655793762.63800000
1656751527.42500000
1656751530.32400000
1656751530.10200000
1656851358.20700000
1656851350.52200000
1656851350.92500000
1656851357.92000000
1656851349.59900000
1656851413.81100000
1656851406.21500000
1656851406.00000000
1656851411.39200000
1656851413.48900000
1656851405.50600000
1656851501.92300000
1656851494.04200000
1656851493.76500000
1656851493.73800000
1660042093.60100000
1660042082.32900000
1660042088.41800000
1660042083.62300000
1660042083.71900000
1660042089.02400000
1661809379.36700000
1661809379.17500000
1661809379.46700000
1662549658.31700000
1662549656.47200000
1662549657.46400000
1663512816.38100000
1663512816.23700000
1663512816.43100000
1663724325.50800000
1663724328.93100000
1663724330.32700000
1663724326.94300000
1663724327.97800000
1663724326.83100000
1664002103.87900000
1664002094.16100000
1664002093.01600000
1664002094.59400000
1664002092.60700000
1664002094.48800000
1664002095.24500000
1664067324.57100000
1664067319.37300000
1664067318.54900000
1664067319.15700000
1664067317.18100000
1664067326.31200000
1664687286.27000000
1664687288.00100000
1664687286.22600000
1664687286.50100000
1665234697.34700000
1665234699.28000000
1665234697.26600000
1665234697.60200000
1665487364.17000000
1665487356.33800000
1665487356.97200000
1665487364.65700000
1665487356.06400000
1665487870.51400000
1665487869.13300000
1665487870.46100000
1665487862.67100000
1665487863.21100000
1665487868.76700000
1665487870.69200000
1665487862.37700000
1666601924.91400000
1666601924.87500000
1666601925.25500000
1666876360.63900000
1666876352.11400000
1666876351.19700000
1666876352.18800000
1667395105.77100000
1667395098.91600000
1667395100.61000000
1667395096.74600000
1667395098.86700000
1667584240.73700000
1667584243.72700000
1667584240.65600000
1667584237.77200000
1667584241.24200000
1667584242.95900000
1667584237.02600000
1667635080.85000000
1667635086.81800000
1667635090.41700000
1667635089.85400000
1667635093.04700000
1667635093.92200000
1667635088.51900000
1667635088.42100000
1667635091.79400000
1667747563.77700000
1667747565.22100000
1667747557.52400000
1667747557.85000000
1667747563.85600000
1667747565.27300000
1667747557.06700000
1668212769.20400000
1668212770.63500000
1668212769.18000000
1669388586.76000000
1669388590.58400000
1669388592.70000000
1669388591.17500000
1669388591.75400000
1669388590.00300000
1669388590.97900000
1669910463.21900000
1669910457.67900000
1669910459.98700000
1669910458.69100000
