1484957800.61000000
1484957804.28100000
1484957803.03300000
1484957815.52300000
1486199540.06600000
1486199536.34400000
1486199538.78600000
1486199541.88200000
1486199542.19100000
1486201279.64500000
1486201275.86800000
1486201278.35900000
1486201281.41100000
1486201281.77300000
1486201922.50400000
1486201918.75900000
1486201921.13300000
1486201924.33000000
1486201924.64900000
1486205439.10900000
1486205435.46400000
1486205437.85500000
1486205440.97600000
1486205441.26300000
1486220522.35700000
1486220518.60900000
1486220520.99700000
1486220524.17300000
1486220524.49100000
1486266330.00200000
1486266326.42200000
1486266328.78400000
1486266331.96900000
1486266332.25300000
1486542117.59200000
1486542113.86500000
1486542116.31600000
1486542119.79700000
1486692446.87700000
1486692442.61600000
1486692445.12400000
1486692448.56800000
1491217737.66500000
1491217735.34200000
1491217732.43600000
1491217748.54300000
1492532291.00000000
1492532291.70700000
1492532289.05700000
1492532304.57400000
1493113962.29600000
1493113964.68700000
1493113947.51800000
1493113950.17900000
1493174976.34000000
1493174982.56600000
1493174983.42500000
1493174983.25600000
1494480776.55000000
1494480775.08600000
1494480772.23400000
1494480788.41600000
1495303817.59600000
1495303816.19300000
1495303813.57600000
1495303829.50300000
1495378488.03400000
1495378484.77500000
1495378487.37400000
1495378475.33500000
1495378477.19700000
1495378477.15500000
1496103694.17000000
1496103690.91800000
1496103693.55800000
1496103681.51100000
1496103683.43500000
1496103683.36500000
1497317390.71700000
1497317393.08100000
1497317379.89400000
1497317378.99500000
1499313409.09300000
1499313409.22400000
1499313411.35900000
1499313413.61500000
1513715690.36600000
1513715693.14200000
1513715691.66100000
1513715692.39200000
1513873708.92600000
1513873711.73900000
1513873710.18500000
1513873711.00600000
1514357277.52000000
1514357273.98500000
1514357275.16300000
1514357275.96800000
1514847999.55100000
1514848002.41200000
1514848001.29000000
1514848001.58600000
1515507122.36900000
1515507125.16700000
1515507124.45600000
1518864203.24000000
1518864200.39700000
1518864216.48700000
1518864216.47900000
1518953938.40300000
1518953935.77900000
1518953952.21600000
1518953954.24800000
1518953952.05300000
1519153182.75400000
1519153185.36100000
1519153173.94200000
1519153172.51100000
1523048323.11500000
1523048325.54800000
1523048333.79100000
1523048333.83500000
1527110593.32500000
1527110595.83800000
1527110582.46600000
1527110583.15300000
1527110581.37300000
1527364311.77000000
1527364314.20900000
1527364324.68200000
1527364322.44800000
1528101911.06700000
1528101913.89100000
1528101915.53800000
1528365818.45600000
1528365821.06700000
1528365818.84200000
1528365819.64300000
1528827511.55400000
1528827514.18800000
1528827507.20500000
1528827509.48400000
1528827506.92100000
1529478265.48900000
1529478268.14200000
1529478265.77700000
1529478268.73800000
1529478266.68500000
1530375960.02400000
1530375944.83400000
1530375947.48100000
1530375945.84800000
1546335964.60900000
1546335967.33500000
1546335954.86100000
1546335951.99200000
1546335964.50200000
1546335951.90600000
1548734550.02600000
1548734543.00300000
1548734553.07500000
1548734561.81900000
1550757937.24400000
1550757934.97300000
1550757950.17700000
1550757952.88900000
1550757939.16200000
1550757950.60800000
1550758127.92100000
1550758125.26700000
1550758129.71400000
1550758140.95300000
1550803656.48500000
1550803651.45200000
1550803656.76300000
1550803668.56600000
1550803778.01500000
1550803772.65500000
1550803787.73000000
1550803789.05300000
1550819639.31000000
1550819634.71000000
1550819653.56200000
1550819654.30600000
1550819641.09500000
1550819651.15200000
1550819982.59300000
1550819978.64200000
1550819994.73100000
1550820252.33700000
1550820249.68900000
1550820253.65400000
1550820265.91200000
1550820496.97100000
1550820494.70300000
1550820510.43000000
1550836712.99700000
1550836709.00300000
1550836714.89400000
1550836726.28400000
1550836825.83400000
1550836821.55500000
1550836839.08600000
1550838587.43400000
1550838584.78700000
1550838601.49200000
1550838588.87400000
1550838600.43200000
1550842179.64700000
1550842177.15000000
1550842194.10600000
1550842181.25000000
1550842192.79500000
1550849016.24400000
1550849013.63500000
1550849018.25300000
1550849029.31100000
1550865545.64100000
1550865547.58700000
1550865558.98900000
1550867149.56600000
1550867147.35000000
1550867163.76600000
1550867165.13400000
1550867151.44500000
1550867162.84600000
1550867331.48000000
1550867328.82300000
1550867344.81400000
1550867347.22100000
1550867333.27900000
1550867344.85100000
1550870098.11900000
1550870094.25600000
1550870096.60500000
1550870352.04700000
1550870348.19600000
1550870366.29600000
1550870353.73900000
1550870365.34200000
1550870871.36800000
1550870868.04500000
1550870884.78000000
1550872025.93300000
1550872023.17000000
1550872039.23200000
1550872478.87400000
1550872476.27700000
1550872492.92900000
1550872494.38900000
1550872480.47500000
1550872492.01700000
1550881548.60000000
1550881544.43000000
1550881561.94300000
1550889601.12400000
1550889598.37500000
1550889600.31900000
1550889614.56000000
1550891753.02500000
1550891750.81900000
1550891754.80200000
1550891766.69300000
1550892568.20300000
1550892565.64400000
1550892570.29400000
1550892581.60200000
1550894133.78200000
1550894130.07800000
1550894148.93300000
1550894134.91800000
1550894146.40200000
1550903013.51600000
1550903009.16900000
1550903015.15000000
1550903026.66300000
1550913394.79500000
1550913392.67500000
1550913407.61500000
1550913410.44400000
1550913396.63300000
1550913408.15200000
1550917408.68600000
1550917404.54500000
1550917410.73600000
1550917422.93500000
1550991413.49400000
1550991410.87800000
1550991426.47100000
1550991415.34800000
1550991425.16300000
1551561497.74800000
1551561499.01300000
1551561484.81000000
1551561496.44600000
1554355394.09900000
1554355392.43500000
1554355395.15100000
1554355382.88900000
1554355392.36300000
1554355381.24400000
1554404407.39400000
1554404409.69400000
1554404410.75300000
1554404406.88100000
1554477553.21800000
1554477551.64100000
1554477549.04700000
1554477552.80700000
1554512713.29700000
1554512711.93000000
1554512709.03700000
1554512712.93400000
1554512725.05600000
1554795892.67300000
1554795889.23100000
1554795891.89200000
1554795890.27900000
1554795890.34100000
1554802511.71200000
1554802508.38100000
1554802511.17600000
1554802509.20200000
1554802509.52100000
1554841247.54300000
1554841244.01500000
1554841246.94200000
1554841244.94400000
1554841245.26800000
1555065189.96700000
1555065188.10900000
1555065185.44600000
1555065189.22100000
1555721502.13900000
1555721496.94200000
1555721493.99400000
1555721495.20800000
1555917124.10100000
1555917122.44400000
1555917119.13700000
1555917123.68900000
1555917123.25000000
1555917122.41800000
1555917119.11400000
1555917123.71300000
1555917130.99300000
1555957991.18100000
1555957992.08500000
1555957991.59500000
1555957998.78800000
1555957992.51100000
1555957996.32100000
1555957991.22300000
1555957992.23400000
1555957991.22300000
1555957998.64400000
1555957992.18100000
1555957996.43600000
1556036028.91300000
1556036024.25900000
1556036021.27200000
1556036022.72500000
1556241798.67800000
1556241795.21500000
1556241797.89100000
1556241798.45400000
1556241795.93600000
1556241796.42500000
1556274745.15500000
1556274743.05700000
1556274758.93600000
1556331058.97500000
1556331052.32700000
1556331052.05600000
1556405820.92400000
1556405823.78300000
1556405821.73500000
1556405822.11800000
1556574769.37800000
1556574763.56900000
1556574781.79700000
1556574779.42000000
1556932409.63700000
1556932406.09900000
1556932408.92600000
1556932406.85300000
1556932407.19000000
1557254296.02800000
1557254295.00000000
1557254290.91800000
1557254295.96100000
1557656875.05600000
1557656866.62800000
1557656873.33500000
1557656882.70300000
1558202605.91900000
1558202602.81700000
1558202599.80500000
1558202604.49100000
1558202616.48800000
1558344575.56800000
1558344573.24800000
1558344570.37300000
1558344574.56700000
1558344586.57500000
1558344590.78900000
1558344588.51100000
1558344585.67800000
1558344589.81500000
1558399202.09900000
1558399206.64300000
1558399203.03700000
1559144750.38500000
1559144753.11100000
1559144751.27900000
1559144751.59400000
1559445255.45900000
1559445252.45700000
1559445256.89700000
1559463522.46700000
1559463519.55600000
1559463524.06000000
1559676839.01500000
1559676840.92700000
1559676840.36200000
1559835230.88100000
1559835232.45200000
1559835232.40600000
1560051285.53300000
1560051288.15400000
1560051288.63100000
1560051285.42200000
1560280894.61100000
1560280892.87000000
1560280894.05400000
1560280888.89900000
1560280889.31100000
1560376189.34700000
1560376185.89300000
1560376188.60600000
1560376186.25800000
1560376189.13500000
1560376186.68300000
1560376186.96300000
1560648258.32400000
1560648255.04000000
1560648251.95600000
1560648256.55900000
1561001028.59700000
1561001014.00400000
1561001009.77900000
1561001012.48100000
1561428181.93500000
1561428166.98800000
1561428166.35100000
1561428167.25900000
1561430034.28600000
1561430036.97500000
1561430022.32300000
1561430021.71900000
1561430034.41200000
1561430022.54100000
1561435563.56700000
1561435566.31600000
1561435551.58800000
1561435550.97800000
1561435563.75100000
1561435551.85800000
1562169497.48600000
1562169501.56600000
1562169513.03500000
1562185672.16200000
1562185676.30200000
1562185687.74200000
1562185687.41200000
1562474303.17100000
1562474317.02200000
1562474318.62900000
1562474316.51800000
1562476051.24300000
1562476064.99000000
1562476066.94100000
1562476064.52400000
1562480974.82300000
1562480988.26000000
1562480987.65600000
1562484612.33100000
1562484625.48200000
1562484625.64700000
1563201997.38100000
1563202001.39600000
1563201999.80000000
1563202012.71500000
1563243637.85400000
1563243636.94100000
1563243637.77900000
1563243650.22400000
1563292010.97100000
1563292002.81500000
1563292002.08900000
1563291999.19400000
1563898107.03700000
1563898105.39600000
1563898091.60600000
1563898092.93700000
1564159428.32600000
1564159424.11800000
1564159437.82400000
1564197331.31600000
1564197330.67900000
1564197331.56500000
1564300478.77500000
1564300472.33200000
1564300483.92000000
1564300484.41700000
1564820020.91000000
1564820022.17400000
1564820010.99200000
1564820006.46900000
1564820020.24000000
1564820008.22100000
1564923963.92900000
1564923967.85100000
1564923979.61000000
1564924040.00100000
1564924043.88600000
1564924043.32200000
1564924055.27000000
1564965960.63200000
1564965959.37600000
1564965960.53100000
1565120083.74100000
1565120079.87900000
1565120081.25600000
1565120090.88300000
1565706553.88600000
1565706553.21100000
1565706550.35900000
1565841905.92300000
1565841903.73000000
1565841902.33200000
1565841905.86400000
1566061173.52700000
1566061180.99200000
1566061182.81900000
1566061176.24700000
1566061180.69000000
1566080581.25100000
1566080580.66600000
1566080580.93900000
1566144208.61500000
1566144211.75000000
1566144211.58300000
1566144209.96400000
1567072245.22700000
1567072246.89700000
1567072244.29400000
1567072246.27900000
1567072246.42500000
1567074011.15300000
1567074010.90700000
1567074013.17100000
1567074011.05000000
1567085688.02700000
1567085681.85400000
1567085683.30100000
1567085681.30300000
1567085683.09800000
1567085685.25100000
1567085683.21900000
1567500680.57000000
1567500681.24000000
1567500678.52900000
1567500681.15800000
1567791299.95600000
1567791296.71400000
1567791293.91700000
1567791299.22700000
1567791310.23600000
1567911898.60500000
1567911902.23200000
1567911901.16100000
1567911900.45000000
1568087057.37900000
1568087053.97100000
1568087056.53400000
1568087054.21800000
1568087057.11500000
1568087054.72300000
1568087055.14100000
1568088723.56000000
1568088720.19100000
1568088722.76300000
1568088720.45800000
1568088720.92900000
1568088721.23900000
1568091664.17700000
1568091660.79400000
1568091663.45100000
1568091661.09400000
1568091664.04200000
1568091661.54300000
1568091661.97700000
1568136377.54100000
1568136380.38900000
1568136378.52400000
1568136378.93100000
1568314696.17400000
1568314692.83400000
1568314695.29700000
1568314693.47600000
1568314693.94800000
1568314751.40000000
1568314747.95400000
1568314750.63400000
1568314748.74400000
1568314749.18900000
1568334094.53400000
1568334092.69200000
1568334093.09300000
1568877291.78700000
1568877287.99000000
1568877290.49400000
1568877288.80000000
1568877291.50300000
1568877289.22800000
1568877289.59700000
1569521105.12900000
1569521107.95100000
1569521098.68100000
1569521101.27300000
1569521104.54200000
1569521099.28900000
1569524989.45000000
1569524987.47700000
1569524990.34300000
1569524981.15400000
1569524987.19000000
1569524981.88700000
1569585918.16500000
1569585921.02000000
1569585911.79200000
1569585914.33900000
1569585917.71300000
1569585912.33800000
1569707273.63100000
1569707274.53100000
1569707271.42000000
1569707287.68100000
1569707276.60100000
1569707287.97200000
1569762380.22500000
1569762378.50500000
1569762381.09900000
1569762366.43200000
1569762364.89000000
1569762378.20800000
1569762366.25000000
1569764986.06700000
1569764971.56300000
1569764969.97900000
1569764971.36600000
1569816183.24300000
1569816180.30800000
1569816186.20800000
1569816196.82500000
1569856388.04700000
1569856390.35500000
1569856386.78400000
1569856395.27800000
1569856386.91900000
1569869954.12100000
1569869949.97300000
1569869946.05600000
1569869961.89000000
1569869963.04400000
1569869952.90700000
1569869960.82600000
1569870636.09000000
1569870629.83100000
1569870629.78400000
1569870637.96500000
1569870631.78200000
1569870643.27400000
1569870681.09100000
1569870680.64300000
1569870679.74800000
1569870681.24400000
1569870745.24800000
1569870743.25300000
1569870741.57800000
1569870744.04300000
1569870859.03400000
1569870856.25500000
1569870851.52200000
1569870859.06500000
1569870981.78000000
1569870982.44100000
1569870979.57300000
1569870997.57000000
1569870981.37000000
1569871283.51300000
1569871282.40400000
1569871280.68900000
1569871282.54300000
1569871289.44700000
1569871392.39900000
1569871388.29700000
1569871384.58000000
1569872420.80400000
1569872417.84000000
1569872432.49900000
1569872420.04600000
1569872432.51200000
1569873507.10300000
1569873503.22700000
1569873500.73900000
1569873614.79600000
1569873610.38600000
1569873609.74700000
1569874467.11400000
1569874466.92600000
1569874465.84300000
1569881936.31200000
1569881932.81500000
1569881931.12000000
1569886859.08800000
1569886858.67000000
1569886872.96000000
1569886859.15700000
1569886872.56000000
1569889591.73500000
1569889588.67900000
1569889587.83600000
1569897657.90200000
1569897654.12100000
1569897667.22600000
1569897652.83800000
1569914630.40600000
1569914629.13200000
1569914627.46300000
1569914642.44100000
1569922106.86900000
1569922108.03800000
1569922120.16000000
1569922120.60800000
1569922109.70200000
1569922119.44800000
1570063945.40600000
1570063943.29200000
1570063942.27000000
1570073778.57700000
1570073774.81500000
1570073772.15700000
1570073786.31000000
1570073777.19100000
1570073788.67700000
1570131863.27900000
1570131861.13600000
1570131862.69500000
1570470982.07700000
1570470988.10900000
1570470986.38000000
1570470996.40100000
1570471019.94600000
1570471025.12400000
1570471024.14000000
1571276702.39900000
1571276687.70100000
1571276686.09500000
1571276687.49500000
1571760750.03800000
1571760746.82900000
1571760743.09800000
1571760759.23400000
1571780004.90300000
1571780005.76100000
1571780004.20000000
1571780017.84200000
1571781103.33200000
1571781099.95700000
1571781096.83400000
1571781112.52700000
1571781097.66500000
1571784452.83600000
1571784449.14700000
1571784446.25000000
1571784460.83600000
1571784462.68200000
1571871402.21500000
1571871399.00100000
1571871395.58500000
1571871412.94100000
1571871411.53000000
1572504401.25800000
1572504398.97400000
1572504401.56000000
1572504386.76400000
1572504387.07200000
1574381546.56800000
1574381543.66400000
1574381540.76200000
1574381544.44600000
1574381555.09200000
1575304195.58400000
1575304199.85700000
1575304198.76000000
1575616644.88300000
1575616646.72900000
1575616647.85500000
1575616644.20600000
1575616659.25700000
1575762305.13900000
1575762301.19400000
1575762302.75600000
1575762311.60700000
1575762314.10500000
1575762302.56800000
1575762311.61300000
1576099261.21000000
1576099259.53600000
1576099261.89600000
1576099247.32500000
1576099245.75100000
1576099259.15600000
1576099247.08900000
1576129476.36200000
1576129472.99300000
1576129475.46900000
1576129476.80800000
1576129473.67300000
1576129474.64900000
1576149792.72600000
1576149789.11900000
1576149791.58400000
1576149790.22300000
1576149789.63600000
1576149790.80300000
1576338758.32000000
1576338756.20600000
1576338759.90900000
1576910718.87200000
1576910714.43100000
1576910711.27300000
1576910727.89500000
1576910716.53200000
1576910727.97400000
1577437370.51500000
1577437374.32800000
1577437372.17200000
1577437374.74400000
1577437385.36700000
1578028933.12600000
1578028930.83300000
1578028926.15600000
1578028942.44500000
1578208626.32900000
1578208622.58600000
1578208639.94500000
1578458186.65800000
1578458179.35500000
1578458179.15000000
1578458180.49400000
1578816233.42600000
1578816231.24900000
1578816228.78900000
1578816233.19200000
1578816244.92000000
1578977972.00100000
1578977970.36300000
1578977967.06600000
1578977973.17100000
1578977985.31200000
1579275583.35200000
1579275585.83700000
1579275587.67500000
1579326044.49400000
1579326046.97200000
1579326048.77200000
1579329539.58800000
1579329542.09800000
1579329540.57500000
1579329543.92300000
1579362135.63400000
1579362138.20100000
1579362136.69500000
1579362140.02600000
1579477477.16000000
1579477479.65900000
1579477480.90100000
1579477478.11600000
1579477481.49000000
1580074580.99400000
1580074580.82700000
1580074577.89300000
1580261122.40300000
1580261119.45700000
1580261124.71200000
1580261136.06200000
1583423939.12200000
1583423937.72700000
1583423934.85400000
1583423951.02000000
1583911882.96300000
1583911880.68600000
1583911877.74500000
1583911894.06700000
1583938028.01400000
1583938025.77400000
1583938022.87100000
1584147830.87200000
1584147835.21000000
1584147832.87500000
1584147845.87200000
1585564020.69500000
1585564026.06600000
1585564025.25100000
1585872439.93900000
1585872438.90700000
1585872436.14200000
1585872453.26100000
1585872452.35900000
1585873214.05700000
1585873212.54900000
1585873209.98500000
1585884447.93700000
1585884449.18700000
1585884444.32600000
1585890011.87600000
1585890013.54000000
1585890009.58200000
1585891327.99700000
1585891326.89100000
1585891323.41300000
1585891341.42200000
1585891340.16400000
1585899015.31700000
1585899014.86300000
1585899012.43400000
1585899029.03400000
1585899677.78700000
1585899678.18700000
1585899675.00200000
1585899691.58600000
1585900138.87500000
1585900139.47200000
1585900135.23000000
1585900150.02400000
1585900276.85300000
1585900277.34200000
1585900272.50800000
1585900290.65700000
1585954046.17300000
1585954041.36000000
1585954058.97600000
1586952448.62200000
1586952445.90700000
1586952464.32200000
1587639210.47000000
1587639206.76000000
1587639209.28500000
1587639210.93700000
1588645376.82800000
1588645375.36700000
1588645378.16400000
1588645364.76800000
1588645365.83400000
1588645364.30200000
1589957907.81100000
1589957901.82800000
1589957899.32200000
1589957915.85700000
1590803924.07200000
1590803922.65100000
1590803919.41900000
1590803935.60100000
1590803935.37900000
1591136020.82800000
1591136016.60200000
1591136013.94000000
1591136030.16100000
1591634779.95700000
1591634783.58100000
1591634781.43600000
1591634795.52300000
1591634797.58100000
1591634794.73100000
1591635473.02100000
1591635476.81200000
1591635474.50700000
1591635487.77200000
1591650158.24400000
1591650161.89100000
1591650159.61300000
1591650173.12100000
1591660003.17300000
1591660006.96100000
1591660004.63800000
1591818922.41600000
1591818918.99700000
1591818917.44700000
1591861973.59500000
1591861969.46300000
1591861966.62900000
1593027183.49800000
1593027180.52300000
1593027195.98800000
1593027199.59900000
1593027195.99500000
1593686393.66900000
1593686390.82600000
1593686407.02200000
1594335018.95300000
1594335021.50600000
1594335010.04400000
1594335008.74000000
1598709375.24600000
1598709377.52900000
1598709378.11200000
1600290021.37600000
1600290022.40500000
1600290024.77600000
1600290010.66200000
1600290005.99500000
1600443837.37100000
1600443837.17000000
1600443839.58900000
1600443825.52600000
1600443820.79600000
1601578247.00200000
1601578249.54300000
1601578239.39300000
1601578249.50400000
1601578240.89800000
1601862625.69400000
1601862626.70500000
1601862627.37900000
1602315657.32700000
1602315652.35900000
1602315654.62000000
1602315662.87100000
1602315665.31400000
1602315654.44600000
1602315663.04700000
1602517586.85800000
1602517588.14700000
1602517589.19500000
1602517586.04900000
1602749816.06900000
1602749816.88300000
1602749816.73700000
1602749813.51900000
1603939276.18700000
1603939272.20100000
1603939265.82200000
1603939266.80700000
1603939273.54300000
1603939267.63600000
1604914654.67300000
1604914657.81800000
1604914654.25100000
1607236056.57300000
1607236058.90700000
1607236045.59600000
1607236042.69500000
1607236044.74300000
1609472067.59900000
1609472070.06100000
1609472068.31700000
1609606582.87800000
1609606581.59100000
1609606578.62200000
1609934712.10700000
1609934714.40700000
1609934721.11000000
1610084543.38400000
1610084547.69700000
1610084549.14800000
1610084550.17700000
1610084547.34700000
1610113353.69000000
1610113357.28300000
1610113353.96500000
1610168408.45600000
1610168411.72300000
1610168410.40400000
1610168407.24000000
1610280892.98200000
1610280889.12000000
1610280891.70800000
1610280892.69200000
1610385443.37000000
1610385439.45000000
1610385442.01300000
1610385443.08200000
1610477319.28100000
1610477315.44200000
1610477318.02200000
1610583202.50800000
1610583198.54400000
1610583201.22100000
1610583202.37600000
1610862055.67500000
1610862052.23200000
1610862054.81400000
1610862052.77200000
1610862055.98600000
1610877582.73500000
1610877585.15400000
1610877586.47500000
1611463882.74400000
1611463878.96000000
1611463881.49100000
1611463883.82000000
1611463882.58100000
1611539964.79300000
1611539960.87500000
1611539963.52000000
1611539965.92900000
1611539964.59200000
1611545682.19100000
1611545684.79000000
1611545685.94300000
1611546285.90600000
1611546288.56300000
1611546289.73200000
1611550156.02400000
1611550152.22000000
1611550154.72800000
1611550157.14500000
1611550155.84500000
1611554752.10600000
1611554748.27300000
1611554750.88200000
1611554752.29400000
1612087941.90600000
1612087937.95000000
1612087940.56400000
1612087941.65300000
1612087964.68500000
1612087960.87800000
1612087963.44800000
1612087964.69500000
1612103147.37200000
1612103143.37700000
1612103146.00700000
1612143391.65400000
1612143394.09700000
1612143394.26600000
1612143395.23300000
1612172305.97100000
1612172302.09500000
1612172304.52300000
1612172305.77900000
1612374606.97500000
1612374608.11800000
1612374600.19900000
1612374605.23100000
1612374608.09800000
1612466829.27200000
1612466832.88000000
1612466829.28900000
1612466829.69000000
1613106513.43000000
1613106509.87900000
1613106512.56400000
1613106510.26800000
1613106510.66700000
1613106513.71200000
1613143703.47800000
1613143700.00700000
1613143702.65000000
1613143703.78200000
1613450295.31800000
1613450292.79600000
1613450298.35600000
1613450295.91900000
1613496998.19100000
1613496996.68100000
1613496999.28400000
1613496991.48900000
1613496993.77900000
1613496995.92100000
1613496999.41700000
1613497541.08200000
1613497533.35000000
1613497535.64500000
1613497541.42100000
1613497917.93600000
1613497916.41600000
1613497919.00900000
1613497911.05700000
1613497919.29300000
1613498185.04200000
1613498183.35500000
1613498186.17300000
1613498178.04100000
1613498182.47100000
1613498186.24900000
1613498231.81900000
1613498229.90400000
1613498232.73300000
1613498224.74000000
1613498226.98900000
1613498229.11600000
1613498232.75700000
1613499486.43800000
1613499484.30100000
1613499486.91000000
1613499479.05900000
1613499481.43800000
1613499483.63800000
1613499487.06600000
1613499620.11400000
1613499618.69100000
1613499621.23500000
1613499613.52400000
1613499617.94600000
1613499621.53900000
1613507871.99700000
1613507870.53200000
1613507873.16700000
1613507865.28600000
1613507867.82100000
1613507869.72000000
1613507873.38400000
1613510486.25800000
1613510483.34400000
1613510486.99400000
1613510479.27800000
1613510483.64800000
1613510487.39600000
1613523929.95800000
1613523933.34200000
1613523929.94800000
1613523930.43500000
1613524744.99400000
1613524743.49800000
1613524746.06400000
1613524738.21400000
1613524746.38300000
1613533777.25400000
1613533775.84500000
1613533778.38900000
1613533770.77500000
1613533773.05500000
1613533774.99500000
1613533778.70900000
1613550175.83100000
1613550174.30200000
1613550176.81200000
1613550169.24300000
1613550171.58900000
1613550173.59500000
1613550177.16100000
1613550357.52700000
1613550358.55700000
1613550350.87300000
1613550358.85800000
1613567730.35300000
1613567728.92500000
1613567731.43400000
1613567723.71200000
1613567728.15100000
1613567731.74500000
1613636789.04900000
1613636787.55300000
1613636790.17100000
1613636782.27400000
1613636784.86000000
1613636786.88800000
1613787979.57600000
1613787978.33000000
1613787981.07000000
1613787976.53700000
1613789657.93900000
1613789656.77300000
1613789659.57600000
1613789654.97300000
1613813656.14600000
1613813654.91100000
1613813653.06600000
1613813718.30800000
1613813717.05500000
1613813719.85200000
1613813715.24500000
1613938992.34500000
1613938988.33300000
1613938990.84200000
1613938989.32200000
1614129171.75900000
1614129171.00900000
1614129168.68600000
1614129171.50300000
1614129169.08400000
1615318446.15600000
1615318449.26100000
1615318445.34900000
1615318445.85400000
1615374119.62700000
1615374115.66700000
1615374118.15000000
1615374116.59100000
1615374119.36500000
1615375344.72000000
1615375340.70700000
1615375343.41500000
1615375341.84800000
1615446347.44100000
1615446350.33800000
1615446347.34900000
1615446349.60600000
1615622799.94900000
1615622794.70500000
1615622797.30400000
1615622805.59400000
1615622797.00000000
1615622798.56800000
1615701976.21800000
1615701982.10800000
1615701980.85500000
1615701978.82900000
1615701977.49600000
1615804863.56700000
1615804860.50200000
1615804862.54500000
1615804849.50400000
1615804847.53200000
1615804864.29000000
1615859671.21400000
1615859669.72000000
1615859672.25500000
1615859664.51000000
1615859666.84900000
1615859668.89700000
1615859672.61300000
1615859671.16300000
1615859669.66800000
1615859672.29100000
1615859664.57400000
1615859666.83300000
1615859669.01000000
1615859672.63600000
1615946908.86800000
1615946919.31800000
1615946909.56500000
1615946910.03700000
1616008853.26700000
1616008849.79600000
1616008852.38100000
1616008850.54400000
1616008853.58200000
1616022561.98600000
1616022561.56400000
1616022562.12300000
1616403864.55000000
1616403870.91200000
1616403869.18600000
1616403877.03700000
1616403867.24900000
1616403867.93200000
1616537619.09500000
1616537617.28600000
1616537619.67000000
1616537605.07000000
1616537603.46300000
1616729383.08600000
1616729384.32400000
1616729384.57500000
1616729385.53200000
1617594545.63800000
1617594541.95400000
1617594544.54000000
1617594543.99300000
1617594542.89800000
1617594545.70400000
1617697622.14100000
1617697618.50300000
1617697621.13000000
1617697619.36200000
1617697622.16800000
1617757837.65900000
1617757834.10600000
1617757836.65100000
1617757836.08300000
1617757834.93600000
1617757837.79900000
1617768352.09800000
1617768348.45400000
1617768350.98000000
1617768349.33600000
1617768352.16000000
1617768764.75600000
1617768761.18200000
1617768763.72700000
1617768763.17300000
1617768765.90800000
1617768762.12400000
1617768764.96200000
1617769070.24500000
1617769072.98300000
1617769073.34600000
1617769070.12700000
1617769071.05900000
1617823677.40100000
1617823673.77200000
1617823676.38300000
1617823674.63200000
1617823677.57500000
1617856167.81000000
1617856164.08300000
1617856166.61900000
1617856166.05000000
1617856168.87400000
1617856164.95500000
1617856167.74400000
1617862389.12600000
1617862385.53100000
1617862388.04900000
1617862387.50400000
1617862386.40100000
1617862389.37000000
1617869475.04200000
1617869471.47100000
1617869474.01700000
1617869473.46400000
1617869476.19500000
1617869472.34900000
1617869475.16100000
1617869582.60900000
1617869578.84900000
1617869581.45200000
1617869580.85500000
1617869583.62500000
1617869579.78200000
1617869582.60600000
1617870355.88500000
1617870358.35600000
1617870356.78500000
1617894279.46700000
1617894275.91800000
1617894278.45900000
1617894276.77500000
1617904361.58400000
1617904357.95500000
1617904360.50700000
1617904358.93300000
1617904361.87200000
1617922311.47600000
1617922307.85400000
1617922310.39900000
1617922309.83900000
1617922308.73600000
1617922311.60900000
1617922668.69000000
1617922665.16800000
1617922667.64600000
1617922665.99000000
1617925107.86100000
1617925110.38000000
1617925108.71700000
1617925111.64900000
1617927499.25200000
1617927495.60000000
1617927498.19700000
1617927496.57200000
1617927499.32100000
1617933965.08400000
1617933961.54500000
1617933964.06200000
1617933963.45700000
1617933966.24000000
1617933962.40900000
1617933965.19600000
1617934733.57000000
1617934729.87400000
1617934732.43200000
1617934730.85300000
1617934733.73700000
1617954824.81700000
1617954827.34600000
1617954826.79900000
1617954828.63400000
1617955415.41100000
1617955411.85800000
1617955414.40400000
1617955413.81900000
1617955416.50100000
1617955412.70100000
1617955415.48800000
1617957608.68100000
1617957611.28700000
1617957610.73700000
1617957612.55100000
1617958893.09200000
1617958889.52600000
1617958892.02300000
1617958891.49600000
1617958894.25000000
1617958890.40200000
1617958893.20500000
1617959129.52300000
1617959125.90200000
1617959128.45000000
1617959127.79200000
1617959130.69600000
1617959126.79700000
1617959129.62200000
1617984886.26700000
1617984889.71300000
1617984891.70900000
1617984886.22100000
1617984890.33200000
1617999067.18000000
1617999063.42000000
1617999066.00200000
1617999064.39200000
1617999067.31200000
1618020329.34500000
1618020325.76100000
1618020328.28300000
1618020327.67400000
1618020330.37900000
1618020326.66000000
1618020329.47900000
1618020562.30700000
1618020564.84600000
1618020563.72400000
1618020566.14200000
1618025445.83400000
1618025451.64000000
1618025452.70900000
1618025450.12200000
1618036010.71500000
1618036013.33400000
1618036014.51800000
1618045956.75000000
1618045959.31500000
1618045957.61800000
1618045960.40400000
1618061861.04500000
1618061857.50900000
1618061860.05500000
1618061858.47800000
1618061861.29700000
1618062201.76700000
1618062198.17800000
1618062200.66000000
1618062200.12400000
1618062199.10300000
1618062201.85400000
1618093628.92100000
1618093630.33400000
1618093626.92500000
1618093627.40400000
1618103777.19600000
1618103773.65400000
1618103776.15300000
1618103774.51800000
1618103777.59700000
1618135881.72100000
1618135878.05300000
1618135880.59600000
1618135880.10900000
1618135878.93500000
1618135881.77400000
1618140441.46300000
1618140437.82400000
1618140440.31300000
1618140439.78600000
1618140438.64300000
1618140441.51800000
1618265523.45300000
1618265519.84900000
1618265522.42000000
1618265521.82500000
1618265520.73100000
1618265523.66300000
1618356532.27100000
1618356534.83600000
1618356536.13200000
1618392718.25400000
1618392714.49900000
1618392716.99500000
1618392715.30700000
1618411757.76300000
1618411754.19200000
1618411756.75200000
1618411755.07400000
1618411758.01400000
1618468334.03600000
1618468330.48900000
1618468333.03700000
1618468332.42100000
1618468331.44100000
1618468334.30100000
1618484355.41800000
1618484357.97800000
1618484357.31800000
1618484356.28100000
1618484359.21700000
1618545510.72700000
1618545508.41000000
1618545511.78800000
1618602946.35500000
1618602942.34900000
1618602944.90400000
1618602943.18000000
1618602946.14400000
1618602974.97900000
1618602977.46700000
1618602978.63400000
1618613428.24800000
1618613424.73500000
1618613427.28000000
1618613426.69900000
1618613429.48500000
1618613425.58800000
1618613428.41700000
1618616813.93400000
1618616810.59400000
1618616813.11500000
1618616815.63600000
1618616811.22600000
1618616814.24200000
1618642222.51700000
1618642218.55000000
1618642221.06100000
1618642219.48100000
1618642222.19600000
1618642528.54600000
1618642524.17000000
1618642526.66500000
1618642525.16600000
1618642528.01500000
1618698119.22100000
1618698115.65400000
1618698118.19100000
1618698117.59900000
1618698116.63900000
1618698119.35500000
1618734802.58000000
1618734805.12900000
1618734806.37700000
1618912952.20400000
1618912948.63700000
1618912951.10800000
1618912953.40500000
1618912949.51400000
1618912952.46700000
1618915475.89000000
1618915472.32600000
1618915474.84000000
1618915477.09000000
1618915473.20600000
1618915476.05000000
1618931796.55000000
1618931792.70100000
1618931793.20600000
1618960918.27400000
1618960921.60600000
1618960922.13000000
1618960918.43300000
1618960917.02200000
1619095366.16200000
1619095368.75300000
1619095370.02600000
1619131401.20900000
1619131403.90600000
1619131396.54700000
1619242845.72500000
1619242842.13400000
1619242844.71500000
1619242842.96500000
1619242845.91100000
1619245704.53500000
1619245700.99000000
1619245703.53200000
1619245701.83200000
1619245704.75400000
1619306425.10100000
1619306422.89200000
1619306426.75700000
1619306424.03800000
1619341228.44400000
1619341224.86300000
1619341227.46400000
1619341226.87600000
1619341229.68800000
1619341225.82000000
1619341228.57500000
1619346736.72900000
1619346733.20100000
1619346735.74500000
1619346735.19100000
1619346737.93900000
1619346734.01500000
1619346736.85400000
1619351065.92800000
1619351068.36700000
1619351069.58800000
1619381400.54600000
1619381397.02300000
1619381395.07800000
1619381399.24000000
1619381396.01300000
1619523377.28900000
1619523372.92700000
1619523375.47800000
1619523373.91500000
1619523376.59200000
1619603970.00200000
1619603966.52200000
1619603969.02900000
1619603968.39300000
1619603970.17600000
1619776875.43700000
1619776871.70300000
1619776874.32000000
1619776875.75900000
1619779072.69500000
1619779069.05900000
1619779071.55800000
1619779070.96600000
1619779072.71300000
1619814705.17600000
1619814701.61600000
1619814704.11300000
1619849674.82500000
1619849671.26300000
1619849673.79000000
1619849673.25400000
1619849675.06100000
1620063406.52300000
1620063406.94000000
1620063407.70700000
1620164380.09500000
1620164379.12100000
1620164378.43200000
1620164380.18900000
1620167624.21200000
1620167623.05700000
1620167622.38000000
1620167624.23500000
1620168046.94100000
1620168045.70400000
1620168045.09800000
1620168046.80900000
1620308080.15800000
1620308085.70500000
1620308084.32700000
1620752265.33800000
1620752264.33200000
1620752263.63000000
1620752265.46800000
1620752841.79900000
1620752841.22200000
1620752842.92800000
1620754457.50800000
1620754456.61700000
1620754454.34000000
1620754457.86600000
1620778320.91600000
1620778320.03800000
1620778317.75600000
1620778321.10900000
1620896437.33200000
1620896436.26300000
1620896437.50300000
1621142947.88400000
1621142943.70000000
1621142946.35600000
1621142947.67000000
1621407871.26400000
1621407872.24700000
1621407869.63400000
1621440978.62300000
1621440975.44800000
1621440975.83500000
1621440976.83300000
1621440987.06200000
1621653570.42600000
1621653567.01100000
1621653569.63600000
1621653567.35500000
1621653570.19200000
1621653567.75300000
1621653570.76000000
1621653568.14300000
1621771283.86200000
1621771282.76300000
1621771282.24900000
1621771281.21800000
1621771284.09800000
1621771282.89000000
1621776206.85200000
1621776206.01900000
1621776203.63500000
1621776204.14600000
1621776207.22900000
1621776204.44100000
1622086810.10500000
1622086809.23000000
1622086809.79000000
1622086807.33400000
1622086810.44400000
1622086807.71900000
1622100613.06300000
1622100612.23400000
1622100609.92800000
1622100612.84000000
1622100610.36500000
1622100610.65400000
1622512049.16000000
1622512048.58300000
1622512047.43500000
1622536409.64000000
1622536409.94900000
1622536408.11900000
1622536410.76400000
1623131728.73000000
1623131730.20800000
1623131727.24500000
1623131727.65400000
1623949584.70000000
1623949583.42300000
1623949582.77600000
1623949581.73200000
1623949584.61800000
1623949886.60000000
1623949885.89000000
1623949884.82400000
1623949887.74100000
1623952002.58800000
1623952001.75900000
1623952000.84000000
1623952003.70400000
1623961570.00000000
1623961568.82900000
1623961568.12800000
1623961567.09700000
1623961569.93900000
1623995536.01400000
1623995534.49900000
1623995533.68800000
1623995532.89300000
1623995535.68000000
1624614655.86400000
1624614657.12500000
1624614659.66500000
1624614653.66200000
1624614657.03100000
1625103224.49600000
1625103216.02100000
1625103221.96900000
1625821970.62100000
1625821971.38900000
1625821969.93200000
1626130185.15300000
1626130183.98600000
1626130182.33500000
1626130185.13200000
1626982123.80300000
1626982124.54100000
1626982120.73300000
1626982123.90500000
1628204939.99000000
1628204929.91300000
1628204932.41200000
1628204937.18400000
1628204940.61900000
1628831070.31500000
1628831066.16900000
1628831077.67200000
1628831067.61300000
1628831067.89900000
1630404988.75500000
1630404987.81400000
1630404987.09400000
1630404986.15000000
1630404988.91500000
1631385205.30500000
1631385201.02200000
1631385219.61300000
1631385204.98600000
1631385201.58000000
1631566490.08800000
1631566493.72100000
1631566490.30500000
1631566490.78800000
1631584109.12900000
1631584112.60200000
1631584109.09300000
1631584109.43900000
1633583167.14200000
1633583166.13600000
1633583163.98300000
1633583164.29400000
1633583167.43700000
1634203726.62700000
1634203724.58600000
1634203724.93800000
1634240987.28500000
1634240985.02300000
1634240985.39600000
1634240988.35000000
1634240985.72000000
1634366851.36300000
1634366849.16000000
1634366849.49800000
1634366852.56600000
1634366848.70800000
1634416899.36000000
1634416897.32800000
1634416897.70200000
1634416900.56600000
1634416896.87700000
1634439349.26300000
1634439348.56200000
1634439347.65200000
1634439350.51600000
1634439348.98500000
1634441764.88200000
1634441763.29800000
1634441763.06900000
1634441762.14400000
1634441765.02100000
1634441762.45000000
1634605472.53500000
1634605471.58600000
1634605469.37000000
1634605469.66200000
1634605472.74700000
1634605468.95500000
1634795231.88800000
1634795238.60500000
1634795237.18600000
1634795233.49800000
1634795236.13000000
1634795234.15200000
1635384026.90500000
1635384025.90000000
1635384023.71200000
1635384024.00800000
1635384026.89800000
1635384024.41000000
1635400441.34900000
1635400440.41400000
1635400438.27400000
1635400438.58100000
1635400441.70400000
1635400438.89100000
1635423157.38300000
1635423156.43300000
1635423154.27400000
1635423154.58400000
1635423157.55400000
1635423153.98900000
1635423389.91700000
1635423389.10900000
1635423386.87300000
1635423389.78700000
1635423387.18400000
1635423390.17300000
1635423387.49600000
1635447010.81900000
1635447009.93700000
1635447007.78500000
1635447007.93200000
1635447011.13500000
1635447008.55400000
1636093459.06500000
1636093458.24900000
1636093455.96200000
1636093458.88600000
1636093456.36000000
1636093459.45100000
1636093456.68000000
1637300588.63900000
1637300587.92600000
1637300586.86900000
1637300589.81100000
1637300588.25600000
1637380397.19800000
1637380398.81400000
1637380412.87000000
1637380399.15700000
1637380396.47200000
1637380412.40600000
1637775652.94000000
1637775659.78200000
1637775654.68400000
1637775655.76200000
1637775656.84000000
1637802726.11200000
1637802733.05500000
1637802732.22400000
1637802727.76700000
1637802730.45000000
1637802730.08600000
1638181402.15900000
1638181389.10000000
1638181389.55200000
1638181402.56000000
1638181387.82200000
1639646319.13500000
1639646323.35900000
1639646320.85400000
1639646335.33800000
1639994844.97700000
1639994844.38400000
1639994847.01300000
1639994843.51000000
1639994846.27500000
1639994844.95000000
1639995157.39200000
1639995156.16600000
1639995155.53100000
1639995158.31500000
1639995154.55300000
1639995157.58600000
1639995155.97200000
1639995382.20200000
1639995380.96500000
1639995379.27200000
1639995382.17100000
1639995380.77400000
1639998640.36900000
1639998639.65000000
1639998638.61300000
1639998641.54400000
1639998640.13100000
1639998821.80800000
1639998821.14300000
1639998820.21900000
1639998823.08600000
1639998821.80200000
1639999044.39000000
1639999043.24900000
1639999042.56900000
1639999041.59500000
1639999044.72100000
1639999043.05300000
1639999391.74000000
1639999391.03500000
1639999389.96500000
1639999393.08200000
1639999391.54400000
1640001642.19900000
1640001641.10600000
1640001640.48600000
1640001643.26700000
1640001639.59700000
1640001642.41100000
1640001640.91100000
1640001869.93300000
1640001868.90900000
1640001868.31700000
1640001871.01400000
1640001867.18200000
1640001870.16800000
1640001868.81400000
1640002234.98000000
1640002234.31800000
1640002233.39800000
1640002236.42500000
1640002234.77600000
1640002998.58600000
1640002997.17300000
1640002996.62300000
1640002995.65500000
1640002998.59500000
1640002997.05700000
1640043827.95200000
1640043827.13100000
1640043826.67100000
1640043829.33700000
1640043827.26700000
1640240053.00900000
1640240052.26800000
1640240051.34100000
1640240054.15600000
1640240053.47400000
1641377051.25800000
1641377050.27100000
1641377049.87000000
1641377052.54900000
1646476262.16800000
1646476264.99700000
1646476261.25500000
1646476262.54700000
1646900990.37900000
1646900993.32700000
1646900989.91600000
1646900990.62800000
1646904722.99400000
1646904724.01000000
1646904720.39200000
1646904720.91900000
1646905075.66900000
1646905077.73100000
1646905076.24100000
1646905074.25500000
1647686164.55800000
1647686149.92200000
1647686148.38300000
1647714647.14400000
1647714644.90700000
1647714645.43100000
1649471949.94000000
1649471960.10600000
1649471962.49400000
1649471950.26200000
1649471951.07100000
1651779299.88500000
1651779288.31500000
1651779284.64000000
1651779295.49000000
1651779299.15700000
1651779285.21000000
1654527724.04400000
1654527725.34300000
1654527723.73800000
1654527722.66100000
1654527719.95400000
1654527723.44700000
1654527720.39600000
1654630366.95600000
1654630363.21000000
1654630359.65700000
1654630360.17800000
1655793760.13200000
1655793760.08500000
1655793769.23800000
1655793764.10800000
1655793763.65100000
1655793770.40100000
1656751533.84100000
1656751538.75400000
1656751538.27500000
1656851364.79800000
1656851351.56100000
1656851352.18300000
1656851365.74300000
1656851351.09600000
1656851420.58800000
1656851407.47300000
1656851407.88600000
1656851418.00300000
1656851420.80300000
1656851407.17900000
1656851508.77200000
1656851495.57100000
1656851496.43300000
1656851495.34300000
1660042103.21600000
1660042083.97000000
1660042095.04900000
1660042086.36900000
1660042086.54800000
1660042094.88600000
1661809380.90200000
1661809380.84100000
1661809381.31200000
1662549660.55600000
1662549657.44100000
1662549659.02800000
1663512818.03100000
1663512817.53300000
1663512818.58900000
1663724340.34900000
1663724345.90900000
1663724346.81600000
1663724342.52100000
1663724344.57100000
1663724342.88100000
1664002114.43200000
1664002097.51500000
1664002095.95000000
1664002098.05900000
1664002095.03500000
1664002098.31100000
1664002099.38900000
1664067331.98200000
1664067323.10100000
1664067321.80900000
1664067322.77900000
1664067319.46200000
1664067335.00200000
1664687290.21700000
1664687291.23200000
1664687288.41800000
1664687288.22900000
1665234698.92800000
1665234702.43900000
1665234699.01900000
1665234699.38400000
1665487371.31200000
1665487357.84500000
1665487358.71100000
1665487371.58200000
1665487357.16100000
1665487876.38300000
1665487875.24500000
1665487877.69300000
1665487864.15200000
1665487865.03400000
1665487874.34100000
1665487877.91200000
1665487863.46500000
1666601927.24100000
1666601926.53200000
1666601926.92700000
1666876368.91700000
1666876354.32600000
1666876352.56400000
1666876354.22700000
1667395114.46700000
1667395103.41900000
1667395106.24100000
1667395099.64900000
1667395102.87300000
1667584263.61200000
1667584270.52300000
1667584264.24700000
1667584258.51400000
1667584265.08300000
1667584268.51400000
1667584258.83700000
1667635109.97700000
1667635119.55000000
1667635126.40800000
1667635125.12900000
1667635122.66700000
1667635129.34000000
1667635122.63900000
1667635123.01200000
1667635128.09800000
1667747570.04400000
1667747572.37600000
1667747559.23000000
1667747559.67600000
1667747569.11700000
1667747572.85400000
1667747558.14100000
1668212771.03900000
1668212771.83600000
1668212770.64600000
1669388589.83300000
1669388596.87100000
1669388599.87200000
1669388597.06800000
1669388598.76500000
1669388595.63900000
1669388597.24400000
1669910465.70900000
1669910458.80700000
1669910462.95400000
1669910460.45900000
